0 68
1947 69
2698 70
5300 70
8034 70
9224 67
10011 66
10545 66
11330 71
17010 96
17945 96
18611 94
19410 92
19979 90
20812 86
21330 84
24458 71
25115 68
25910 65
29228 52
32442 46
33435 45
34228 44
34792 43
35656 43
36205 43
36937 42
37592 41
38415 38
38946 37
39742 35
40267 34
41079 33
41594 32
42415 30
43004 29
43802 28
48335 21
49100 18
49664 16
50430 14
51388 10
54743 6
55293 5
56074 5
56632 5
57512 5
58025 6
58816 6
59569 5
60360 4
60989 3
64067 0
64642 0
70820 0
71407 0
74431 0
74961 2
75764 5
76337 8
77101 8
82958 5
83713 0
84265 0
85087 0
85675 0
86525 0
87070 0
87856 0
88471 0
89244 0
89859 0
90627 0
91129 2
92047 5
92625 7
93442 6
94073 4
94884 2
95497 2
96305 3
97260 6
98141 8
98759 8
99571 9
100172 9
100975 7
101709 6
102461 5
103193 5
104020 4
104573 4
105393 4
106009 4
106843 5
107482 6
108331 6
108893 6
109724 9
110277 8
111107 7
112159 6
112977 6
113560 5
114369 3
114924 3
115797 3
116512 4
117371 7
117924 9
118714 11
119299 12
120159 12
121411 9
124406 9
124990 9
125813 9
126417 9
127265 10
127787 10
128590 10
129535 9
132321 8
133268 8
134059 7
134641 6
135503 8
138945 13
139711 14
140256 14
141049 13
141630 11
142402 11
143015 11
143828 12
144374 11
145175 9
145731 8
146627 8
147263 9
148029 9
149024 7
149820 8
150401 8
151191 8
151750 9
152524 11
153166 13
154047 14
154597 13
155459 14
156070 15
156926 15
157557 13
158356 13
158921 14
159803 15
160397 14
161153 15
161754 15
162636 15
163607 16
164414 16
165009 17
165792 20
166458 21
167402 24
167958 25
168782 26
169397 26
170183 27
170767 28
171716 28
172286 28
173039 27
173522 26
174238 27
174858 26
175702 24
176259 25
177217 25
178149 26
178980 26
179574 27
180448 28
181035 28
181986 29
182594 30
183493 30
184046 31
184821 32
185416 33
186233 35
186828 36
187693 38
188351 38
189195 37
189790 38
190624 38
191203 38
192044 39
193065 38
194163 37
194648 37
195359 37
195844 36
196638 34
197240 32
198033 32
198609 32
199421 31
199940 31
200774 30
201319 29
202163 26
202781 24
203538 23
204076 21
204911 18
205463 17
206297 16
207249 18
208054 19
208649 19
209441 20
209962 21
210794 22
211455 23
212210 23
212799 22
213609 23
214216 21
214931 17
215467 14
216364 12
216928 11
217772 10
218358 10
219154 8
219768 7
220603 9
221600 7
222426 6
223010 5
223878 8
224367 9
225213 10
225788 10
226686 10
227337 10
228179 12
228772 12
229636 11
230180 12
230979 14
231538 15
232390 16
232940 17
233714 17
234259 16
235078 16
236073 16
236888 15
237413 15
238276 14
238806 15
239636 17
240202 19
241022 21
241665 22
242426 23
242967 23
243893 23
244795 24
245572 24
246133 24
246886 23
247419 24
248166 24
248713 25
249538 25
250448 26
251206 26
251801 27
252525 27
253127 28
253874 29
254348 30
255111 30
255607 31
256413 33
256905 34
257752 35
258303 36
259043 37
259584 38
260331 39
260878 39
261615 38
262097 37
262835 36
263682 35
264557 34
268079 28
271668 19
272195 18
273141 17
273844 17
274640 19
275204 21
276016 23
276583 24
277439 26
277963 27
278833 28
279490 29
280308 30
280932 30
281753 31
282282 31
283196 30
284159 29
284985 28
285519 26
286342 26
286898 25
287728 24
291764 15
292294 12
293137 10
293838 10
294602 10
295198 10
296037 13
296545 14
297386 14
297921 14
301394 16
301955 17
304937 10
305881 9
306745 9
307334 9
308241 10
308808 12
309658 14
310249 14
311099 16
311680 16
312433 16
315239 25
316139 25
316712 24
317598 25
318275 26
319149 28
319858 28
320765 27
321398 26
324609 21
325520 23
326461 22
327036 21
327901 21
328500 21
331814 22
332375 17
335457 20
336103 20
336955 22
337595 23
338453 25
338987 27
342422 24
342958 23
343863 25
344419 27
345227 28
345795 28
346638 29
347573 30
348436 30
349010 30
349877 32
350442 33
351273 33
351851 32
352662 31
353277 30
354077 29
354625 28
355477 23
356051 20
356860 18
357469 18
358399 20
358996 22
359840 24
360408 25
361313 26
362250 25
363033 22
363635 21
364392 19
364934 17
365665 16
366230 14
367056 13
367634 14
368379 17
368927 20
369734 25
370877 31
371625 33
372202 33
373042 34
373537 35
374307 37
374873 39
375669 39
376591 38
377327 38
377879 39
378693 39
379250 39
379943 38
380439 37
381151 35
381676 33
382422 32
383063 31
383760 30
384270 29
384965 26
385486 23
386169 21
386702 19
387406 18
388007 18
388797 21
389671 24
390393 27
390938 28
391706 28
392255 27
393006 27
393535 26
394304 26
394837 27
395546 26
396105 25
396881 23
397426 22
398172 20
398710 19
399610 17
400185 16
401055 14
401651 13
402445 13
403414 10
404160 7
404718 5
405468 1
405984 0
406696 0
407232 0
407934 0
408491 0
409262 0
409806 0
410559 0
411090 0
412029 0
412596 0
413301 0
413824 0
414624 0
415130 0
415852 0
416708 0
417392 0
417968 0
418653 0
419195 0
419849 0
420345 0
421063 0
421533 0
422206 0
422707 0
423594 5
424152 8
424948 12
425498 12
426217 10
426784 8
427548 13
428107 16
428898 16
429832 16
430599 16
431159 19
431922 22
432460 23
433301 26
433834 28
434605 30
435168 30
435928 31
436441 32
437210 34
437774 34
438561 33
439112 32
439886 31
440441 31
441175 30
441733 29
442462 28
443338 24
444041 22
444564 20
445328 18
445884 18
446653 20
447199 22
448066 24
448629 27
449361 27
449920 26
450745 23
451325 21
452122 19
452628 19
453358 19
453900 19
454653 17
455205 18
455979 21
457091 28
458037 38
458883 45
459872 44
460508 47
461239 50
461780 51
462502 52
463050 51
464094 51
464638 52
465428 53
465965 53
466661 54
467218 54
467938 53
468430 53
469145 53
469679 52
470418 51
471303 50
472112 48
472693 47
473520 46
474087 45
474882 44
475508 43
476240 43
476802 42
477590 42
478487 42
479271 40
479866 39
480650 34
481218 30
481991 26
482550 23
483324 22
483867 21
484632 17
485574 13
486363 10
486960 8
487726 5
488239 3
489022 1
489556 0
490295 0
491214 2
492336 6
492967 8
493704 9
494211 10
494979 12
495478 12
496196 10
496750 8
497463 8
498017 7
498733 6
499667 4
500413 2
500964 0
501714 0
502221 0
502960 0
503485 0
504150 0
504662 0
505413 1
505952 3
506657 5
507147 6
507814 7
508403 6
509091 7
509574 8
510262 9
510754 8
511438 7
512279 6
512942 5
513436 4
514118 3
514602 3
515324 4
515807 5
516529 7
517049 7
517873 7
518413 6
519211 6
519769 6
520540 4
521100 2
521871 1
522449 0
523388 0
523922 0
524680 0
525661 0
526459 0
527071 0
527881 1
528443 3
529167 4
529730 4
530514 5
531042 5
531872 6
532416 6
533182 6
533743 6
534492 5
535062 5
535825 4
536357 4
537099 3
537717 3
538538 2
539456 2
540242 2
540782 2
541527 3
542101 2
542867 1
543418 0
544221 0
544748 0
545504 0
546048 1
546792 2
547322 4
548059 6
548557 7
549309 6
549864 4
550644 2
551281 1
552017 1
552965 1
553695 2
554336 4
555042 6
555620 7
556407 6
556843 6
557544 5
558059 5
558798 3
559325 2
560015 1
560528 1
561227 3
561738 4
562456 5
563039 5
563755 4
564274 3
564999 3
565952 5
566806 7
567347 7
568074 7
568631 6
569379 5
569947 4
570719 3
571238 2
571988 1
572577 2
573366 4
573954 5
574698 7
575244 8
575989 9
576567 9
577372 8
577954 6
578731 6
579638 5
580465 5
581031 5
581799 4
582342 4
583115 3
583650 3
584379 2
584934 2
585796 2
586325 3
587067 5
587615 5
588372 6
588924 5
589659 5
590180 5
590944 6
591488 6
592337 6
593278 6
594021 6
594648 7
595345 8
595910 9
596650 9
597218 10
597951 11
598523 11
599292 12
599886 12
600594 12
601167 13
601918 13
602488 13
603224 13
603760 13
604495 13
605047 14
605850 15
606723 15
607457 15
608055 15
608777 13
609320 13
610054 11
610716 9
612003 6
612510 6
613227 8
613736 7
614475 8
615111 10
615943 10
616463 10
617176 10
617698 8
618451 7
618995 8
619669 1
620534 0
621209 0
621722 0
622414 0
623015 0
623723 0
624219 0
624907 1
625394 1
626085 1
626609 1
627309 1
627796 2
628508 2
628994 4
629696 7
630199 8
630930 8
631393 7
632084 6
632938 5
633634 5
634148 5
634833 6
635333 6
636034 7
636538 9
637227 10
637730 12
638503 13
639083 14
639776 15
640394 15
641171 14
641704 12
642466 10
643037 9
643819 9
644388 8
645132 8
646085 11
646858 13
647400 14
648140 15
648689 15
649448 15
649988 15
650742 16
651280 15
652182 15
652713 16
653487 18
653990 19
654713 20
655244 20
656015 21
656554 22
657283 20
657799 18
658574 17
659530 17
660287 19
660837 20
661606 22
662174 23
662976 24
663528 23
664273 21
665530 21
666259 22
666837 23
667571 25
668136 26
669122 27
669691 28
670509 28
671103 27
671943 26
672466 25
673219 24
674161 24
675017 25
675570 25
676381 25
676957 25
677739 23
678321 22
679120 21
679799 20
680583 20
681148 20
681891 21
682507 21
683292 22
683867 22
684624 23
685219 23
686084 24
686659 23
687419 23
688357 23
689164 23
689702 23
690446 23
690999 24
691732 24
692260 24
693089 24
693676 23
694421 23
694974 23
695752 22
696331 23
697123 24
697694 25
698439 25
699013 26
699779 26
700409 26
701138 26
702095 24
702856 22
703410 21
704165 21
704747 21
705546 23
706070 24
706825 24
707428 24
708222 23
708799 23
709557 23
710114 24
710850 23
711400 22
712179 20
712699 20
713456 20
713975 21
714786 23
715688 25
716408 26
716964 27
717666 27
718215 28
718953 29
719499 29
720243 30
720790 30
721562 30
722135 31
722895 32
723432 32
724175 33
724731 34
725502 35
726044 36
726756 37
727331 38
728157 39
729059 40
729823 41
730359 41
731049 42
731612 42
732403 42
733341 42
734369 42
734950 42
735726 42
736364 42
737110 42
737643 42
738386 42
738913 42
739576 43
740097 43
740841 43
741377 43
742116 39
742988 36
743700 36
744272 36
744944 37
745488 37
746171 38
746678 38
747408 40
747906 41
748715 43
749232 42
749972 41
750484 41
751189 40
751673 39
752357 38
752872 37
753574 36
754065 36
754842 34
755752 32
756423 31
756920 30
757621 29
758251 27
758983 26
759563 24
760258 24
760772 23
761519 21
762049 19
762748 18
763251 17
764028 15
764498 14
772493 18
773004 18
773775 20
774338 20
775094 19
775967 20
776609 22
777524 24
778257 25
779157 26
779842 23
780729 21
781424 20
782276 18
782972 17
783813 18
784546 19
785449 22
786213 24
787182 24
787939 24
788873 24
789605 24
790517 26
791244 25
792140 25
792947 26
793992 26
794782 25
795724 26
796494 27
797406 27
798107 26
798972 27
799641 28
800615 29
801415 30
802173 30
804337 35
805184 37
805985 38
806911 39
807619 38
808547 36
809398 34
810302 33
811043 33
811907 34
812675 34
813600 33
814331 32
815225 30
815929 31
816949 30
817739 30
818658 30
819372 30
820264 31
820968 31
821895 31
822646 31
823527 30
824269 31
825157 31
825831 32
826737 32
827421 32
828310 32
829054 32
830021 33
830751 33
831711 34
832535 35
833445 35
834214 35
835187 34
836012 34
836915 34
837675 34
838609 33
839317 32
840233 30
840944 29
841857 26
842538 25
843435 23
844217 21
845199 18
845857 16
846686 14
847335 12
848167 11
848909 11
849792 11
850510 11
851435 11
852285 10
853197 14
853957 18
854874 18
855613 19
856529 23
857245 24
858107 25
858799 26
859703 28
860379 27
861260 29
861996 30
862873 29
863610 31
864453 33
865114 34
865979 37
866701 39
867579 42
868332 43
869211 44
869883 46
870730 49
871399 51
872243 55
872928 58
873740 60
874415 59
875259 55
875953 53
876821 52
877508 52
878376 51
879075 50
879950 48
880730 48
881582 50
882255 51
883112 53
883854 53
884709 52
885370 52
886250 50
886917 49
887821 46
888492 45
889319 43
889997 42
890856 41
891597 40
892559 36
893331 33
894241 31
894987 31
895857 33
896563 35
897459 38
898171 41
899125 42
899833 43
900657 45
901413 45
902341 46
903069 48
903973 50
904718 53
905621 56
906366 59
907358 62
908169 64
909077 67
909826 70
910732 72
911490 74
912377 74
913098 76
913989 77
914697 77
915672 76
916338 72
917175 69
917894 68
918743 66
919399 65
920210 64
920904 63
921854 62
922606 61
923492 60
924255 59
925191 58
925945 57
926828 57
927538 58
928368 59
929092 61
930173 65
931351 69
932338 71
933092 72
934001 73
934772 74
935726 74
936435 74
937338 74
938065 74
939007 74
939721 74
940592 74
941311 75
942172 75
942891 75
943767 75
944504 75
945376 75
946059 74
946935 74
947631 74
948573 74
949357 74
950213 75
950861 75
951672 75
952385 75
953220 75
953976 75
954900 75
955580 75
956489 75
957218 76
958081 75
958788 74
959698 73
960437 69
961315 67
962054 64
962946 63
963634 63
964509 63
965346 64
966215 64
966922 64
967796 64
968487 64
969365 65
970100 65
970990 65
971651 65
972505 66
973221 66
974057 66
974730 66
975652 67
976333 67
977222 67
977935 67
978835 68
979513 68
980359 68
981225 68
982075 68
982768 69
983606 69
984293 68
985135 68
985831 68
986661 68
987322 68
988211 68
988924 68
989776 68
990448 68
991291 69
991966 69
992770 69
993425 68
994274 67
994945 66
995770 65
996428 66
997273 67
997927 67
998806 67
999468 68
1000313 68
1000985 69
1001821 69
1002518 70
1003330 70
1003970 71
1004868 71
1005628 71
1006509 71
1007233 71
1008123 69
1008823 68
1009698 67
1010408 66
1011360 67
1012138 68
1013016 69
1013744 70
1014621 71
1015459 70
1016349 70
1017134 69
1018029 69
1018737 69
1019604 69
1020258 70
1021100 72
1021791 73
1022662 71
1023414 70
1024290 70
1024982 71
1025815 73
1026469 73
1027366 73
1028124 73
1029026 72
1029728 71
1030672 69
1031398 68
1032330 66
1033094 65
1033956 66
1034624 67
1035447 67
1036119 68
1036957 69
1037764 71
1038670 73
1039399 74
1040292 75
1041108 77
1042004 77
1042715 77
1043630 77
1044354 78
1045385 77
1046068 76
1046936 75
1047643 74
1048550 73
1049253 73
1050156 73
1051354 74
1052574 74
1053347 74
1054300 74
1055054 73
1056010 72
1056789 72
1057810 72
1058533 72
1059449 72
1060148 71
1061089 70
1061821 68
1062739 67
1063452 66
1064355 65
1065087 66
1065960 67
1066697 67
1067602 68
1068393 69
1069409 70
1070081 70
1070933 69
1071589 69
1072467 70
1073184 72
1074097 73
1074840 73
1075738 74
1076391 75
1077231 78
1078022 81
1078961 85
1079694 88
1080609 91
1081319 94
1082170 97
1082951 100
1083921 100
1084649 98
1085617 96
1086399 94
1087285 92
1087998 89
1088848 81
1089523 73
1090505 66
1091249 62
1092148 62
1092915 64
1093887 67
1094620 70
1095488 73
1096198 75
1097102 78
1097801 80
1098716 79
1099398 78
1100281 75
1100976 73
1101829 72
1102525 71
1103425 69
1104164 68
1105085 67
1105842 66
1106715 66
1107410 67
1108310 68
1109030 68
1109863 67
1110530 65
1111412 63
1112180 60
1113046 59
1113730 58
1114569 56
1115253 55
1116146 54
1116818 53
1117655 52
1118321 52
1119159 52
1119863 52
1120787 52
1121423 51
1122287 50
1122988 49
1123828 48
1124529 48
1125420 47
1126109 46
1127000 44
1127678 43
1128502 43
1129173 45
1130047 49
1130716 51
1131576 52
1132305 51
1133137 50
1133835 49
1134717 48
1135389 47
1136219 46
1136882 45
1137740 45
1138509 44
1139434 43
1140185 43
1141374 41
1142115 41
1143132 40
1143869 38
1144808 37
1145554 36
1146424 36
1147158 36
1147972 36
1148616 36
1149459 36
1150145 38
1151022 40
1151712 40
1152608 40
1153336 40
1154241 40
1154954 41
1155911 41
1156654 38
1157540 35
1158284 33
1159243 31
1159958 35
1160838 42
1161584 47
1162439 50
1163106 51
1164056 56
1164747 58
1165738 55
1166494 52
1167362 50
1168070 49
1168992 49
1169725 51
1170661 54
1171318 54
1172693 53
1173859 52
1174839 51
1175750 50
1176676 49
1177398 49
1178445 48
1179186 46
1180041 44
1180792 42
1181758 39
1182536 40
1183501 41
1184318 39
1185309 35
1186157 30
1187322 24
1188188 23
1189248 26
1190076 30
1191134 30
1192279 31
1193246 31
1194045 30
1195173 27
1195983 26
1196926 25
1197795 26
1198745 26
1199474 27
1200446 27
1201223 27
1202196 28
1202913 27
1203807 26
1204556 25
1205532 25
1206303 26
1207264 26
1208006 24
1208912 21
1209686 20
1210682 20
1211400 20
1212265 19
1212958 20
1213854 23
1214713 28
1215605 35
1216298 39
1217192 44
1217944 40
1218876 35
1219592 33
1220519 32
1221333 32
1222277 33
1223034 34
1223965 35
1224696 36
1225580 37
1226350 37
1227211 38
1228007 39
1228961 39
1229709 40
1230646 38
1231419 39
1232399 40
1233261 41
1234232 42
1234973 43
1235902 43
1236614 41
1237489 40
1238234 39
1239152 39
1239889 38
1240804 39
1241557 40
1242497 41
1243245 40
1244145 41
1244885 41
1245836 42
1246536 42
1247531 43
1248259 42
1249134 40
1249849 38
1250735 35
1251482 33
1252465 30
1253230 26
1254135 22
1254881 19
1255792 16
1256515 13
1257420 11
1258176 9
1259122 7
1259808 5
1260731 2
1261566 0
1262467 0
1263217 0
1264077 0
1264777 0
1265709 0
1266420 0
1267327 0
1268102 0
1269043 0
1269744 0
1270630 0
1271394 0
1272274 0
1273035 0
1273915 4
1274620 8
1275508 8
1276239 7
1277139 6
1277900 5
1278825 5
1279508 4
1280444 2
1281131 2
1282034 0
1282727 0
1283612 0
1284341 0
1285311 0
1286050 0
1286902 0
1287621 0
1288483 0
1289170 0
1290038 0
1290773 0
1291644 0
1292398 0
1293303 0
1294076 0
1295641 0
1296428 0
1297321 0
1298032 0
1298952 0
1299696 0
1300567 0
1301286 0
1302179 0
1302883 0
1303774 0
1304523 0
1305427 0
1306159 0
1307074 0
1307856 0
1308800 0
1309521 0
1310398 0
1311127 0
1312168 0
1312988 0
1313887 0
1314637 0
1315621 0
1316370 0
1317287 0
1318008 1
1318919 3
1319615 3
1320500 6
1321200 8
1322091 10
1322790 10
1323694 8
1324404 8
1325276 8
1325983 8
1326900 7
1327605 6
1328515 5
1329221 6
1330137 7
1330878 8
1331809 7
1332533 6
1333459 4
1334258 2
1335174 2
1335960 2
1336897 3
1337654 6
1338576 11
1339305 14
1340216 16
1340922 16
1341882 16
1342649 15
1343650 18
1344421 20
1345354 18
1346170 19
1347079 20
1347842 18
1348778 15
1349553 13
1350508 10
1351187 8
1352089 7
1352824 6
1353761 5
1354464 5
1355397 5
1356117 7
1357028 7
1357794 7
1358765 7
1359523 8
1360491 9
1361199 9
1362104 9
1362850 10
1363837 12
1364531 14
1365448 15
1366176 16
1367159 17
1367953 18
1368823 18
1369570 18
1370446 17
1371160 16
1372155 16
1372914 17
1373799 17
1374530 17
1375414 9
1376123 4
1377027 2
1377785 2
1378681 2
1379411 3
1380410 4
1381185 7
1382126 13
1382873 15
1383783 15
1384493 18
1385421 22
1386109 24
1386996 26
1387820 29
1388792 31
1389525 32
1390417 33
1391155 34
1392230 35
1392986 35
1393949 34
1394686 35
1395591 35
1396342 35
1397243 33
1397951 31
1398955 30
1399652 31
1400551 32
1401269 31
1402156 30
1402891 29
1403755 29
1404455 28
1405342 27
1406039 26
1406937 26
1407643 25
1408501 26
1409164 27
1410038 29
1410689 30
1411515 30
1412278 31
1413164 32
1413939 32
1414921 31
1415649 30
1416588 26
1417360 24
1418270 23
1418976 21
1419864 20
1420580 19
1422045 19
1422786 20
1423730 21
1424479 22
1425372 23
1426085 24
1426989 25
1427698 26
1428594 27
1429298 27
1430270 28
1430959 28
1431891 28
1432599 28
1433495 28
1434241 29
1435249 29
1435951 29
1436873 29
1437584 28
1438445 28
1439121 28
1439993 28
1440699 27
1441577 26
1442275 24
1443239 22
1443978 20
1444927 16
1445593 13
1446456 11
1447209 11
1448098 9
1448743 8
1449595 10
1450299 12
1451160 14
1451824 15
1452801 16
1453465 16
1454289 17
1454956 18
1455801 14
1456454 12
1457342 12
1458101 14
1459034 15
1459808 16
1460697 19
1461470 23
1462379 25
1463142 26
1464115 26
1464874 26
1465808 21
1466624 18
1467525 17
1468282 18
1469276 19
1470029 17
1470962 13
1471727 9
1472665 6
1473372 5
1474279 2
1475025 2
1475939 5
1476767 8
1477719 7
1478417 7
1479400 10
1480107 13
1481024 17
1481784 17
1482683 13
1483387 9
1484350 8
1485135 8
1486052 11
1486898 14
1487813 16
1488567 14
1489540 8
1490263 9
1491248 11
1492081 14
1492989 16
1493800 12
1494707 7
1495481 4
1496410 4
1497123 4
1498123 6
1498810 6
1499683 6
1500369 5
1501255 3
1501937 3
1502822 2
1503537 1
1504437 0
1505254 0
1506147 0
1506802 0
1507681 0
1508423 0
1509312 0
0 1827
10246 1872
10565 1880
13626 1888
13905 1884
17551 2276
17839 2251
18826 3201
19152 3214
25336 4037
25752 3232
26936 3184
27237 3158
28303 3053
28599 2999
29642 2845
29959 2803
33343 2337
33737 2284
37549 1768
40277 1744
41759 1526
42046 1510
43106 1504
43497 1465
44442 1451
44796 1442
45894 1394
46219 1366
47273 1271
47570 1251
48588 1181
48937 1190
49863 1428
50251 1470
51328 1417
51682 1386
56629 870
56960 878
57975 844
58296 863
59711 846
62510 856
63616 3216
63904 2665
64958 1076
65262 1035
66349 1017
66656 993
67796 877
68203 868
69319 858
69602 859
72944 824
73271 823
79732 821
82238 822
83262 1424
83596 1556
84653 1432
84948 1222
88813 877
91552 825
92587 816
92888 822
93989 826
94300 822
95395 821
95729 823
96795 829
97090 822
98183 822
98482 899
99451 1306
99733 1300
100937 1012
101270 1005
102372 926
102737 891
103812 811
104101 800
105537 1187
105896 1105
107080 1177
107396 1201
108486 1268
108794 1214
109959 878
110336 830
111433 852
111814 887
112897 846
113193 845
114336 851
114703 1069
115797 946
116102 944
117214 1261
117517 1424
118591 1165
118955 1082
120479 1068
120806 1156
121887 901
122187 885
123236 851
123608 851
124837 1074
125149 1252
126250 1359
126562 1337
127613 1689
128022 1727
129525 1395
132245 1295
133272 1268
133615 1276
134741 1292
135037 1312
136100 1453
136402 1508
137859 846
138171 830
141573 1120
141906 1082
142956 1360
143289 1532
144388 1168
147554 1769
148575 1976
148909 1898
149916 1654
150265 1533
151329 1536
151648 1607
152699 1582
153019 1475
154049 1147
154474 1062
155512 1186
155885 1263
157349 1053
157658 1101
158707 1127
159055 1141
160078 1240
160378 1326
161492 1841
161834 1935
162932 1879
163221 1875
164349 2009
164729 2042
165877 1900
166208 1856
167245 1877
167579 1941
168690 1948
169027 1950
170080 2088
170401 2099
171924 2153
172267 2204
173270 1468
173640 1520
174781 1642
175203 1725
176294 1889
176601 1928
177677 2017
178062 2050
179081 2112
179421 2136
180600 2103
180891 2133
181834 2063
182110 2047
183170 1990
183509 1945
184574 1933
184912 1898
186473 1967
186826 1985
187897 2058
188226 2090
189344 2177
189687 2195
190873 2281
191269 2287
192370 1650
192683 1551
193730 1572
194055 1600
195129 1712
195526 1750
196592 1822
197033 1801
198102 1801
198436 1822
199506 1825
199874 1860
201380 1816
201729 1810
202970 1786
203263 1769
204171 1730
204497 1687
205513 1571
205881 1549
206912 1522
207256 1518
208253 1501
208609 1490
209656 1400
209972 1360
211043 1173
211435 1346
212407 1479
212710 1485
213778 1350
214131 1327
215582 1357
215914 1402
216968 1465
217296 1518
218287 1605
218617 1641
219769 1767
220123 1760
221087 1729
221475 1747
222547 1665
222821 1551
223780 1153
224130 981
225253 858
225622 852
226693 1122
227022 1181
228093 1004
228425 1219
229838 1073
230268 997
231344 817
231664 1075
232699 1229
233031 1285
234114 1389
234507 1360
235654 1443
236019 1516
237074 1598
237444 1616
238491 1705
238841 1788
239828 2100
240263 2169
241254 1632
241589 1402
242579 1290
242906 1254
244333 1244
244744 1237
245732 1165
246083 1143
247132 1186
247466 1206
248528 1419
248861 1496
249956 1702
250331 1779
251292 1776
251620 1768
253100 1838
253485 1863
254425 1863
254789 1856
255736 1821
256071 1881
257018 1899
257382 1913
258734 1975
259098 1988
260120 2035
260444 2057
261453 2139
261781 2169
262677 2306
262993 2346
263934 1702
264266 1585
265244 1618
265579 1641
266590 1713
266960 1743
267892 1807
268227 1838
269206 1810
269511 1870
270427 1788
270722 1764
271997 1681
272427 1656
276413 1348
279468 1419
280518 1415
280851 1343
282103 1323
282501 1387
283527 1575
283880 1645
284908 1842
285269 1918
286290 2061
286673 2113
287803 2214
288150 2246
289222 2144
289593 1788
290588 1431
290969 1476
292473 1420
292829 1400
293834 1286
294185 1255
295213 1211
295614 1199
296554 1574
299490 1470
300600 972
300949 895
301952 1081
302507 1220
303515 1477
303859 1541
304874 1902
305199 1975
306234 1912
309297 1938
310263 1486
310611 1319
314203 923
314621 844
315657 851
316038 1256
317130 1703
317487 1763
318562 1951
318931 2027
320004 2216
320358 2208
323562 1895
323924 1954
325022 1881
325390 1885
326528 2021
326976 2074
328165 2169
328542 2135
329703 1993
332442 1673
333856 1746
334219 1770
335361 1670
335738 1630
336828 1634
337141 1670
340694 1308
343313 1342
344353 1580
344795 1602
345919 1753
346288 1824
347312 2046
347673 2127
351262 1802
351645 1783
352743 2023
353096 2081
354110 2149
354486 2166
355888 2258
356271 2316
357324 1781
357690 1651
358756 1580
359147 1607
360176 1558
360532 1525
361590 1430
361956 1410
362937 1339
363329 1281
364382 1266
364717 1336
365773 1486
366160 1455
367310 1646
367683 1733
368730 1942
369164 1998
370568 1917
370867 1867
371939 1646
372251 1593
373259 1373
373535 1315
374548 1135
374877 1074
375949 1103
376253 1188
377241 1513
377553 1623
379087 2282
379477 2447
380513 1933
380828 1808
381851 1694
382168 1722
383183 1834
383509 1853
384894 1814
385218 1814
386194 1848
386568 1828
387555 1871
387844 1859
388756 1798
389055 1767
389993 1592
390289 1556
391391 1485
391663 1497
392599 1404
392872 1362
393815 1158
394075 1360
395019 1406
395305 1376
396335 1466
396602 1443
397998 1847
398272 1926
399261 2091
399554 2131
400578 2112
400861 2076
401849 2037
402154 2032
403161 2050
403442 2062
404406 1968
404709 1900
405750 1723
406042 1671
407045 1516
407398 1477
408497 1284
408809 1238
409974 870
410292 903
411738 859
412031 847
413032 851
413325 853
414310 827
414594 813
415558 824
415832 825
416806 810
417116 830
418128 802
418419 838
419407 798
419705 804
420920 810
421189 829
422133 815
422447 830
423468 816
423723 826
425045 827
425293 827
426287 810
426567 834
427513 815
427778 823
428662 831
428949 809
429874 831
430125 814
431027 1209
431327 1237
432485 1657
432766 1493
433835 1639
434100 1590
435087 1275
435399 1459
436429 2124
436713 2220
438143 1979
438451 1633
439473 1432
439782 1550
440785 1778
441137 1856
442152 2115
442447 2206
443472 2369
443773 2060
444775 1528
445062 1562
446086 1560
446386 1614
447439 1556
447773 1533
448768 1504
449056 1505
450058 1416
450340 1389
451664 1182
451941 1170
452891 1395
453183 1386
454206 1430
454504 1507
455518 1669
455872 1762
456964 2046
457244 2097
458246 2039
458536 1999
459641 1674
459943 1603
460963 1512
461248 1487
462236 1511
462508 1472
463527 1411
463813 1456
465327 2043
465727 2256
467169 3340
467568 3473
468814 2234
469112 2289
470105 2413
470399 2442
471357 2376
471664 2027
472953 1764
473249 1764
474280 1808
474570 1814
475531 1815
475833 1812
476759 1805
477040 1809
478008 1775
478280 1766
479620 1692
479914 1672
481017 1598
481312 1580
482408 1542
482703 1530
483790 1461
484113 1487
485123 1438
485426 1444
486809 1368
487108 1388
488185 1437
488457 1574
489540 1504
489835 1414
490864 1146
491178 1006
492188 1496
492465 1469
493886 952
494198 856
495266 842
495584 920
496560 858
496858 847
497881 831
498172 832
499318 1115
499978 1220
501295 1150
501562 1167
502537 1435
502834 1529
503795 1638
504078 1598
505064 1219
505357 1174
506334 993
506626 968
507993 839
508282 856
509261 831
509554 855
510548 822
510842 817
511814 832
512069 819
512981 821
513272 1161
514259 1109
514555 1110
515478 1082
515745 979
516744 1062
516993 1194
517904 1150
518162 1193
519080 1181
519362 1135
520607 864
520868 806
521756 888
522033 868
522922 1062
523194 1106
524133 1168
524404 1073
525383 1010
525717 1010
526744 932
527027 911
528089 862
528389 831
529402 866
529713 836
530763 825
531088 813
532258 789
532536 799
533974 893
534286 889
535374 1017
535687 1015
536760 1115
537042 1042
538044 996
538357 1001
539368 916
539667 893
540731 864
541036 864
542057 871
542350 867
543356 864
543687 856
544672 851
544953 853
546044 849
546335 846
547769 819
548071 813
549107 1070
549407 937
550414 889
550725 816
551743 854
552047 858
553073 810
553352 1025
554375 941
554654 870
555656 1271
555926 1145
556884 955
557162 928
558187 876
558475 857
559607 819
559887 813
561278 977
561573 1028
562658 1037
562952 1068
563946 969
564222 961
565171 856
565434 829
566385 864
566672 902
567650 862
567915 825
568857 1120
569134 1126
570055 995
570337 998
571376 878
571630 916
572595 864
572862 857
574269 1197
574561 1136
575684 985
575941 967
576956 902
577253 877
578272 865
578566 855
579559 840
579850 863
580904 1081
581176 1076
582269 1116
582568 1122
583566 1184
583852 1240
584866 1305
585200 1287
586280 998
586586 931
587960 838
588346 876
589357 872
589630 865
590666 853
590953 848
591976 910
592251 878
593260 816
593666 1034
594640 1033
594928 1038
595941 977
596214 911
597239 889
597530 874
598502 990
598808 989
599804 956
600180 951
601602 960
601884 1035
602962 1108
603235 1108
604246 1238
604511 1262
605538 1402
605826 1447
606836 1589
607140 1624
608200 1692
608489 1710
609489 1772
609788 1792
610811 1831
611086 1833
612095 1854
612377 1850
613371 1887
613683 1942
615048 2085
615330 2068
616378 2014
616655 1967
617644 1774
617934 1724
618943 1340
619414 837
620849 1387
621101 1605
622063 1054
622337 1389
623372 1367
623718 1392
624791 1427
625064 1513
626015 1210
626307 1011
627309 1239
627587 883
628861 830
629131 822
630051 813
630327 824
631331 812
631619 777
632559 869
632803 1190
633712 982
634009 844
634917 820
635218 820
636124 805
636407 816
637334 1243
637587 1227
638526 1161
638791 1262
639723 1111
639997 1039
641269 843
641543 851
642468 901
642741 1133
643664 917
643926 992
644858 1193
645148 1320
646050 1575
646429 1696
647402 1978
647670 2028
648719 2113
649005 2111
650026 1767
650322 1649
651361 905
651661 859
652701 853
652997 850
654399 1533
654700 1637
655719 1933
656007 1990
657002 2066
657294 2063
658313 2112
658642 2141
659612 1954
659918 1622
661028 1316
661324 1294
662327 1438
662596 1467
663569 1578
663852 1599
664868 1676
665168 1648
666134 1446
666400 1396
667867 1341
668150 1389
669157 1553
669457 1604
670486 1756
670807 1793
671862 1777
672152 1739
673868 1585
674119 1628
675154 1793
675437 1837
676456 1993
676781 2028
678015 2112
678287 2122
679416 2115
679720 2127
680804 1930
681090 1901
682483 1841
682782 1862
683882 1930
684189 1935
685272 1909
685579 1872
686627 1735
686943 1689
688090 1581
688406 1575
689464 1549
689769 1603
690820 1633
691126 1655
692181 1718
692476 1742
693527 1793
693859 1811
694981 1795
695272 1787
696666 1765
696977 1787
698027 1789
698302 1792
699325 1825
699608 1836
700595 1862
700879 1845
702003 1815
702271 1801
703289 1755
703586 1742
704629 1744
704978 1776
705995 1876
706319 1910
707338 1994
707626 2011
708735 2019
709009 2000
710397 1852
710709 1802
711747 1648
712023 1603
713044 1644
713388 1684
714406 1802
714680 1825
715753 1882
716048 1882
717124 1782
717402 1756
718440 1816
718737 1827
719723 1718
720015 1675
721034 1558
721316 1566
722302 1638
722579 1669
724011 1888
724306 1927
725280 2035
725557 2065
726529 2152
726819 2178
727834 2256
728104 2270
729105 1846
729383 1645
730448 1471
730758 1489
731754 1553
732042 1565
733064 1633
733355 1645
734370 1703
734650 1729
735644 1791
735998 1818
737396 1911
737688 1919
738675 1971
738945 1984
739936 1998
740212 2001
741509 2027
742249 1994
743264 2018
743566 2023
744679 2031
744974 2032
745969 2024
746258 2017
747241 2028
747511 2031
748425 2054
748729 2061
749706 1988
749962 2030
751303 1742
751594 1715
752597 1723
752862 1748
753806 1791
754077 1795
755005 1829
755299 1856
756235 1953
756495 1987
757558 2003
757849 1993
758799 1951
759086 1949
760003 1892
760280 1867
761199 1804
761461 1789
762396 1725
762657 1701
764059 1567
764340 1537
765241 1453
765523 1436
766570 1333
766855 1297
767883 1190
768152 1172
769082 1592
769383 1585
770367 1528
770633 1489
771571 1333
771955 1270
772828 1136
773083 1102
780283 1334
781330 1425
781633 1457
782663 1546
782968 1571
784292 1570
784563 1608
785849 1819
786146 1861
787467 1916
787740 1950
789060 1641
789309 1608
790606 1430
790872 1395
792143 1366
792421 1412
793777 1679
794077 1748
795484 1916
795783 1869
797178 1842
797484 1832
798851 1946
799116 1974
800464 2001
800763 1959
802317 1990
802609 1949
804047 2011
804339 2032
805737 2024
805983 2074
807302 2073
807560 2087
808923 2202
809226 2227
810503 2036
810822 1773
813508 1757
813775 1784
815234 1855
815519 1851
816870 1755
817165 1719
818626 1642
818924 1605
820227 1615
820534 1628
821930 1593
822219 1564
823542 1460
823851 1444
825272 1463
825556 1430
826974 1434
827262 1445
828595 1467
828869 1473
830198 1491
830511 1486
831849 1462
832114 1475
833476 1503
833753 1512
835067 1528
835330 1532
836636 1560
836920 1560
838321 1572
838629 1582
840020 1616
840389 1632
841749 1671
842048 1675
843513 1647
843801 1646
845251 1629
845530 1621
846919 1608
847212 1605
848540 1471
848842 1439
850186 1285
850438 1255
851767 1454
852056 1554
853519 1434
853785 1383
855016 1119
855268 1059
856498 919
856760 902
858117 878
858391 875
859752 862
860047 970
861502 1843
861811 2123
863191 2344
863496 1859
864842 1778
865157 1833
866444 1910
866703 1934
868029 2103
868312 2075
869588 2226
869862 2260
871200 1645
871493 1617
872783 1563
873033 1592
874318 1768
874573 1804
875918 1980
876187 2010
877528 2099
877807 2124
879069 2299
879310 2339
880575 2601
880821 2648
882080 2855
882319 2943
883590 1872
883866 1824
885151 1760
885422 1766
886707 1726
886971 1733
888279 1646
888533 1642
889913 1669
890161 1692
891444 1801
891775 1795
893041 1780
893296 1774
894579 1705
894842 1692
896137 1585
896408 1562
897650 1460
897914 1455
899193 1400
899471 1391
900892 1474
901185 1556
902558 1498
902856 1525
904182 1551
904467 1588
905778 1798
906045 1852
907442 1999
907747 2018
908989 2130
909249 2156
910667 1680
910960 1554
912300 1697
912593 1726
913947 1886
914238 1917
915674 2074
916056 2117
917394 2258
917691 2294
919045 2428
919357 2456
920713 2121
920978 2022
922310 2082
922604 2086
924014 1609
924249 1638
925506 1612
925834 1734
927074 1795
927333 1788
928551 1734
928802 1730
930179 1684
930479 1670
931807 1624
932105 1612
933517 1562
933802 1561
935154 1551
935453 1560
936689 1606
936963 1617
938369 1730
938825 1781
940661 1922
940959 1930
942335 1981
942604 1989
944040 1998
944326 2003
945664 2002
945955 2004
947336 2008
947622 2009
948919 2016
949203 2014
950498 2019
950769 2019
952094 2024
952362 2024
953693 2033
953964 2035
955263 2007
955536 2007
956913 2004
957160 2007
958541 2022
958805 2015
960001 2014
960323 2022
961546 2031
961831 2025
963227 2033
963489 2024
964834 2030
965091 2035
966409 2030
966687 2028
968024 1964
968304 1941
969640 1805
969927 1782
971250 1704
971540 1705
972838 1717
973214 1716
974552 1726
974806 1731
976134 1738
976388 1739
977681 1755
977969 1757
979317 1762
979615 1767
980822 1779
981120 1781
982394 1792
982653 1789
983971 1800
984245 1805
985548 1814
985831 1816
987167 1825
987424 1828
988689 1839
988950 1836
990402 1846
990665 1853
991935 1853
992195 1852
993466 1846
993753 1845
994992 1839
995251 1834
996531 1813
996800 1827
998107 1840
998360 1846
999618 1867
999875 1857
1001102 1867
1001350 1868
1002606 1820
1002858 1812
1004101 1796
1004353 1774
1005605 1807
1005848 1807
1007138 1824
1007375 1828
1008645 1838
1008901 1846
1010150 1870
1010460 1877
1011661 1899
1011917 1902
1013196 1915
1013472 1915
1014838 1913
1015111 1914
1016453 1877
1016710 1866
1018026 1806
1018305 1798
1019698 1802
1019957 1817
1021331 1867
1021637 1880
1022958 1901
1023248 1903
1024688 1882
1024954 1882
1026369 1865
1026633 1864
1027945 1885
1028181 1883
1029442 1935
1029679 1946
1030982 1933
1031289 1920
1032608 1912
1032890 1913
1034157 1969
1034394 1929
1035693 1990
1035964 1982
1037355 1945
1037628 1941
1039000 1870
1039268 1861
1040648 1797
1041006 1784
1042285 1795
1042544 1783
1043779 1804
1044048 1819
1045285 1868
1045550 1881
1046985 1953
1047285 1970
1048618 2035
1048899 2046
1050331 2178
1050605 1992
1051935 1672
1052237 1672
1053671 1668
1053986 1653
1055263 1621
1055540 1614
1056866 1587
1057154 1587
1058487 1583
1058748 1585
1060902 1605
1061192 1616
1062620 1595
1062888 1591
1064326 1568
1064611 1563
1066125 1551
1066405 1556
1067776 1566
1068058 1538
1069416 1513
1069711 1503
1071068 1446
1071350 1447
1072671 1852
1072953 1845
1074298 1801
1074587 1805
1075929 1841
1076222 1852
1077734 1879
1078022 1872
1079262 1878
1079522 1876
1080797 1900
1081059 1911
1082425 1981
1082694 1981
1084068 2012
1084337 2012
1085556 2106
1085843 2133
1087267 2291
1087565 2317
1088930 2457
1089196 2485
1090485 2607
1090796 2642
1092228 2657
1092526 2684
1093948 2595
1094213 2582
1095612 2493
1095893 2469
1097169 2227
1097434 2139
1098827 1774
1099111 1759
1100474 1672
1100752 1697
1102216 1799
1102493 1832
1103807 1949
1104085 1980
1105429 2099
1105703 2115
1107034 2124
1107315 1778
1108600 1640
1108886 1618
1110158 1556
1110412 1547
1111755 1499
1112025 1498
1113405 1455
1113682 1448
1115033 1812
1115316 1801
1116639 1845
1116891 1841
1118193 1822
1118446 1796
1119732 1724
1120113 1903
1121376 2001
1121643 1983
1122879 2365
1123152 2432
1124477 2556
1124733 2535
1125976 2482
1126254 2481
1127491 2467
1127768 2475
1129098 2495
1129378 2492
1130608 2378
1130897 2350
1132160 2301
1132411 2301
1133751 2247
1134000 2238
1135320 3334
1135584 3387
1136834 3307
1137080 3354
1138358 3701
1138632 3757
1139896 3954
1140229 3950
1141459 2669
1141722 2321
1143029 2305
1143309 2289
1144553 2203
1144800 2185
1146068 2142
1146361 2132
1147759 2086
1148052 2070
1149712 1965
1149975 1949
1151457 1917
1151732 1889
1153102 1765
1153430 1754
1154751 1723
1155030 1714
1156298 1720
1156549 1720
1157778 1740
1158047 1762
1159354 1881
1159595 1896
1160943 1903
1161198 1902
1162572 1917
1162832 1922
1164225 1855
1164547 1913
1165871 1707
1166152 1661
1167569 2605
1167849 2463
1169163 3136
1169458 3302
1170780 3812
1171020 3322
1172369 2621
1172655 2668
1174062 2638
1174349 2577
1175694 2445
1175968 2375
1177309 2347
1177595 2345
1178988 2557
1179264 2554
1180883 2556
1181647 2527
1183154 2445
1183466 2428
1185001 2361
1185280 2354
1186767 2285
1187056 2273
1188358 2140
1188650 2110
1190030 1863
1190366 1866
1191814 1961
1192117 1965
1193581 2313
1193941 2380
1195564 1922
1195961 1862
1197455 1945
1197904 2075
1199416 2331
1199985 2320
1201566 2392
1201865 2360
1203468 2111
1203788 2065
1205243 1961
1205586 1968
1207062 2025
1207359 2050
1208753 2104
1209068 2087
1210513 2124
1210795 2111
1212143 1995
1212431 1987
1213838 1932
1214146 1944
1215556 1999
1215873 1997
1217233 1661
1217512 1629
1219009 1534
1219285 1531
1220590 1509
1220868 1442
1222179 1758
1222466 1872
1223899 2605
1224205 2761
1225520 3338
1225807 3245
1227192 2737
1227481 2662
1228847 2474
1229147 2470
1230573 2522
1230869 2559
1232282 2717
1232551 2735
1233896 2863
1234219 2881
1235520 1972
1235792 1840
1237287 1877
1237555 1878
1238952 1846
1239262 1888
1240724 1904
1241016 1924
1242545 2006
1242842 2015
1244213 2052
1244497 1952
1245815 1930
1246094 1920
1247478 1850
1247762 1828
1249126 1880
1249400 1893
1250823 1947
1251106 1973
1252470 1942
1252759 1957
1254160 1988
1254436 2008
1255859 2032
1256131 2067
1257460 1925
1257744 1890
1259062 1703
1259339 1663
1260768 1473
1261074 1411
1262464 1094
1262751 1031
1264118 1168
1264383 1158
1265756 851
1266028 817
1267401 878
1267706 860
1269054 851
1269358 843
1270783 820
1271081 827
1272414 822
1272677 817
1274037 816
1274297 827
1275664 829
1275932 820
1277358 815
1277654 830
1278956 822
1279239 819
1280600 826
1280874 903
1282230 1137
1282516 1150
1283835 1206
1284121 1157
1285474 904
1285730 875
1287151 876
1287431 864
1288761 851
1289042 809
1290353 808
1290635 833
1291940 821
1292202 825
1293637 821
1293904 820
1295228 815
1295503 829
1296802 828
1297084 818
1298357 818
1298642 816
1299967 816
1300252 826
1301627 828
1301936 810
1303966 811
1304240 831
1305646 832
1305929 820
1307277 817
1307568 821
1308894 820
1309182 829
1310488 828
1310771 809
1312077 808
1312392 831
1313762 830
1314038 820
1315379 821
1315713 824
1317116 828
1317411 821
1318733 857
1318997 850
1320484 829
1320785 825
1322212 820
1322502 821
1323944 828
1324233 818
1325614 798
1325895 841
1327254 804
1327521 925
1328827 1091
1329096 1115
1330416 1369
1330693 1408
1332024 1179
1332293 1186
1333589 1204
1333887 1204
1335218 1021
1335501 956
1336832 786
1337108 875
1338423 1013
1338736 1100
1340122 1026
1340416 985
1341775 947
1342080 915
1343487 871
1343802 821
1345221 1295
1345516 1381
1346895 1532
1347177 1712
1348542 2191
1348817 2198
1350209 1476
1350501 1390
1351964 1349
1352272 1451
1353670 1452
1353976 1498
1355405 1488
1355691 1491
1357083 1228
1357411 1044
1358829 881
1359089 862
1360372 829
1360701 857
1362089 856
1362359 840
1363712 1253
1363999 1147
1365357 1038
1365647 1007
1367092 964
1367371 1028
1368807 1338
1369091 1322
1370409 1266
1370713 1302
1372153 1663
1372423 1781
1373774 2075
1374041 2089
1375487 1980
1375773 1716
1377150 1405
1377417 1393
1378765 1323
1379056 1303
1380493 1259
1380772 1301
1382136 1365
1382409 1359
1383742 843
1384008 920
1385353 853
1385658 814
1386997 823
1387294 830
1388736 1032
1389083 1238
1390433 1762
1390743 2002
1392110 2094
1392398 2131
1393747 2957
1394030 3095
1395312 2333
1395591 2217
1397118 2357
1397398 2370
1398746 2509
1399034 2550
1400534 2655
1400857 2663
1402253 2658
1402546 2681
1403917 2700
1404180 2705
1405571 2533
1405845 2467
1407281 2339
1407536 2312
1408880 2419
1409136 2387
1410483 2303
1410748 2264
1412074 2191
1412354 2176
1413671 2120
1413923 2082
1415267 1997
1415542 1970
1416831 1992
1417088 2013
1418359 2194
1418622 2227
1419844 1967
1420121 1782
1421478 1538
1421757 1540
1423225 1486
1423533 1473
1424895 1288
1425194 1236
1426575 1575
1426871 1575
1428192 1539
1428481 1495
1430329 1414
1430677 1461
1432026 1632
1432347 1674
1433701 1827
1433982 1833
1435308 1939
1435590 1969
1436902 2055
1437192 2065
1438588 2126
1438861 2117
1440212 2208
1440495 2191
1441804 2169
1442081 2164
1443557 2221
1443843 2267
1445192 1800
1445461 1609
1446765 1354
1447021 1367
1448314 1345
1448589 1340
1449897 1211
1450172 1245
1451549 1520
1451851 1524
1453259 1297
1453510 1232
1454777 943
1455133 881
1456419 1447
1456680 1572
1457916 1345
1458188 1469
1459492 1893
1459738 1976
1461122 2232
1461371 2009
1462610 1383
1462874 1385
1464123 1157
1464383 896
1465662 1620
1465954 1459
1467338 1165
1467646 1152
1469026 1475
1469308 1554
1470695 1884
1471012 1939
1472412 2011
1472716 2006
1474136 1720
1474411 1579
1475844 1298
1476140 1290
1477571 1485
1477901 1440
1479276 1083
1479562 1009
1480991 915
1481269 837
1482606 878
1482917 863
1484255 1134
1484553 1186
1486046 1028
1486329 960
1487717 1632
1487977 1528
1489349 2242
1489632 2314
1491000 1036
1491276 877
1492655 842
1492967 819
1494380 1415
1494707 1687
1496129 2196
1496430 2117
1497869 821
1498134 981
1499562 882
1499872 862
1501293 864
1501639 841
1503036 857
1503294 848
1504718 866
1505015 867
1506442 854
1506714 854
1508012 853
1508280 810
1509573 846
1509853 862
1511147 824
1511430 826
1512765 825
1513054 823
1514465 826
1514740 823
1515998 825
1516290 817
1517631 823