479 0
1378 0
4058 0
4872 0
8487 0
9295 0
9942 0
10894 0
11500 0
12458 0
13093 0
14006 0
14591 0
15511 0
18694 0
21825 0
22482 0
28923 0
29594 0
30463 0
31139 0
32083 0
32695 0
33703 0
34407 0
37987 0
38759 0
39653 0
40251 0
41183 0
42084 0
43555 0
44225 0
45158 0
45727 0
46673 0
47294 0
48126 0
51132 0
51963 0
52491 0
58906 0
68617 0
69154 0
70000 0
72701 0
73623 0
74278 0
75158 0
75720 0
79167 0
79806 0
80698 0
81250 0
82115 0
82693 0
83622 0
84272 0
87842 0
90895 0
91793 0
92384 0
96330 0
96941 0
97818 0
100830 0
102514 0
103835 0
104807 0
112306 0
113163 0
113726 0
114632 0
117898 0
121148 0
123766 0
124679 0
127966 0
131240 0
131924 0
132833 0
133419 0
134355 0
135027 0
135844 0
136525 0
137436 0
138048 0
141320 0
143990 0
144808 0
148102 0
149091 0
149742 0
150626 0
151183 0
152065 0
152623 0
153492 0
154115 0
157697 0
158326 0
159273 0
159948 0
160913 0
161489 0
162406 0
166461 0
167503 0
168050 0
169027 0
177693 49
181102 0
183693 0
184625 0
185320 0
186262 0
186874 0
187782 0
188560 0
189382 0
190080 0
196132 0
196722 0
197632 0
198218 0
201526 0
202246 0
203086 0
203699 0
204637 0
205308 0
206283 0
206871 0
207909 0
210954 0
211947 0
212554 2
213489 5
214109 7
217768 14
218570 15
219404 13
220095 12
226544 13
227298 10
228143 6
228917 5
229774 4
230389 4
231408 5
232098 8
236017 14
236702 13
240041 12
245657 13
246561 13
247221 9
248045 5
251064 0
252006 0
252590 0
253488 0
256808 0
257690 0
258384 0
259257 0
259911 0
260848 0
261429 0
264340 0
264990 0
265827 0
266503 0
267380 0
267949 0
271238 5
271834 7
272715 6
273345 6
277252 15
277866 15
278876 13
279556 13
280427 14
283260 11
287654 16
288516 17
289363 18
292239 24
296150 27
296742 27
297636 27
300179 27
310256 17
311181 13
311835 11
312662 9
316280 20
317746 21
320954 13
321888 6
322454 3
323440 0
326868 0
327820 0
328597 0
329527 0
330172 0
339176 15
339831 17
342781 143
343426 28
344377 31
345069 31
345899 31
346641 32
350708 34
351378 36
352339 38
356923 42
360287 31
360847 28
361807 25
362396 24
363346 20
364006 19
364878 20
365527 20
366434 21
367014 22
367941 24
368655 25
369599 25
370164 25
371079 25
371744 26
372557 26
378734 28
382138 28
383101 27
384026 27
384616 27
385585 27
388805 21
389767 20
390356 20
391174 20
391822 19
392673 19
393346 20
397188 18
397792 19
401085 19
401750 19
402547 18
407250 17
408056 18
411140 23
414079 26
414648 26
415550 25
418816 20
419798 23
420375 23
421304 25
424017 26
425048 25
425658 25
430098 15
430872 17
433746 24
434430 24
435343 22
435914 21
436861 20
437524 18
438488 15
439079 14
440036 11
440718 12
443669 15
444374 25
445257 29
445832 30
449325 35
452266 36
453221 34
456660 33
457595 27
458172 24
461441 3
462077 1
462977 0
463566 0
468448 12
469075 15
470046 18
470721 18
471588 21
472188 24
473116 26
473715 28
474658 31
475346 30
476262 31
476855 33
477784 36
480821 37
481659 36
482257 36
486149 28
486745 28
487603 30
488277 31
489257 33
492154 34
492968 33
493546 34
494449 36
495143 38
498660 40
499239 44
500137 44
500792 44
501681 45
502271 45
503682 45
504703 45
510771 48
511359 48
514293 47
514983 46
515835 46
516479 46
517377 46
517928 47
518915 47
519556 47
520325 46
520994 46
521891 46
522462 46
523357 45
523995 43
524832 40
528387 29
529214 30
529912 32
530791 34
531352 35
532232 36
536813 27
537731 24
540766 15
541557 10
542191 6
543041 3
543665 4
544523 9
547822 19
551075 31
551762 32
552565 35
558721 45
559615 46
560164 47
561016 48
563656 48
564518 51
565312 51
565707 52
568963 50
569368 49
570119 49
570652 49
571267 48
573740 47
574478 47
574985 48
575589 47
578665 47
579274 49
579791 49
580393 50
585919 53
589206 52
590045 52
590744 52
591154 52
591805 52
592198 52
592891 52
593295 52
593938 52
594355 52
595045 52
595469 52
596160 52
596561 52
599664 52
600101 51
600897 50
601316 49
604026 47
604449 47
605134 47
605941 46
606626 46
607057 46
607636 46
608056 46
611085 43
611518 43
614262 44
614685 44
618025 44
620900 44
621491 45
624018 46
624636 46
625159 46
625781 46
626328 46
627295 45
628144 45
628882 45
631956 44
632557 44
633056 44
633685 44
637047 43
640222 45
640715 46
641304 47
643732 48
644497 48
644986 48
645586 48
646088 49
646706 50
647187 50
647820 51
648279 51
648945 52
649358 53
649991 53
655914 50
659201 44
661969 42
662554 42
663051 43
663645 43
664119 43
664712 44
665186 44
665794 44
666288 45
666893 45
667396 44
668004 43
670886 42
671493 41
676806 45
679946 52
680345 54
683100 65
683955 65
684577 65
687935 68
691144 71
691568 72
699897 78
700310 79
700986 79
701400 79
702029 80
702514 80
703236 80
703658 80
704352 80
704773 80
705506 81
705938 81
706615 81
707057 81
707661 81
710902 82
711553 82
714105 82
714765 82
715260 82
715870 82
716378 82
717032 82
717535 82
718167 82
718735 82
719379 82
719929 82
720599 82
721019 82
723666 82
724175 82
724806 82
725387 82
726080 82
726868 82
727601 83
728012 83
731041 83
731476 83
734237 83
734655 83
738030 83
740913 83
741532 83
741946 83
742574 83
747880 79
750970 78
751418 78
752071 78
752505 78
753156 78
753582 78
757066 79
760334 79
760997 79
761394 79
767266 80
767687 81
770875 81
771277 80
771919 81
772357 81
775090 81
775499 81
776198 81
776610 81
777377 81
777807 81
778521 81
778951 81
782036 80
782441 80
785146 80
785986 80
786587 80
787081 80
787701 79
788190 79
788849 79
791699 79
792302 78
794729 78
795400 78
795827 78
796476 78
796913 77
797585 77
797998 77
798721 77
799131 77
799909 77
800306 77
800989 77
803921 77
804643 77
807967 77
809371 78
809787 78
810371 78
813207 78
813910 78
814317 78
817797 77
818306 77
818890 77
819509 77
820112 77
820634 77
821223 77
821712 77
822340 77
822819 77
823419 77
824238 77
827657 77
828039 77
828715 76
829123 76
832117 76
832538 76
833204 76
833635 76
834343 76
834774 76
835412 76
835842 76
836532 77
836958 77
840341 77
840837 77
841505 77
841947 77
842586 77
843477 77
844207 77
844638 77
845344 78
845777 77
846554 77
846970 78
850281 78
850828 78
851465 78
856960 77
857584 77
858006 77
858660 77
859066 77
862158 77
862574 77
863318 77
863898 76
864517 77
865356 76
866056 76
866563 76
867269 76
867712 76
869425 76
869895 76
872815 76
873272 76
873973 76
874386 76
875133 76
875552 76
876245 76
876645 76
877342 76
877769 76
880941 77
881360 77
884253 77
885048 77
885652 76
886122 76
886740 76
887208 76
887807 76
888306 75
888933 75
891750 75
892362 75
892806 75
893409 75
893906 75
894503 75
894945 75
895535 75
895993 75
896580 74
896981 74
897678 75
900979 74
901643 74
902084 74
904727 73
905216 73
905824 72
906321 72
906935 72
907421 72
908054 72
911012 74
916681 75
917083 74
917677 74
918078 73
918783 72
919287 71
919975 69
920482 66
921100 59
921923 51
922526 44
922927 39
923520 31
924000 26
924626 18
928379 2
931706 0
939873 0
940486 0
941308 0
941856 0
942741 0
943307 0
944140 0
944672 0
945522 0
948794 0
949775 0
950316 0
951129 0
952077 0
953057 0
957739 0
958718 0
961732 0
962528 0
963170 0
968020 0
968905 0
969866 0
970490 0
971275 0
971870 0
972737 0
973280 0
990143 34
993350 62
994430 70
995152 74
996041 80
996602 83
997470 87
998050 91
1001590 104
1002124 106
1003007 109
1003540 111
1004421 114
1005004 115
1005800 117
1006435 104
1007326 85
1007865 77
1008787 74
1009823 75
1012887 80
1013436 80
1014288 80
1014883 80
1015644 79
1016268 79
1016980 78
1017583 78
1018431 77
1018968 77
1019858 76
1020482 76
1021232 76
1021857 76
1024681 76
1025291 77
1026135 78
1026697 78
1027486 79
1028542 80
1029446 82
1030001 83
1030820 85
1031370 86
1034386 90
1035012 91
1035696 91
1036321 91
1037087 92
1037612 92
1038418 93
1038927 93
1042121 92
1042642 92
1043341 92
1043905 92
1044629 93
1045268 93
1046066 93
1047046 93
1047727 93
1048296 93
1049056 94
1049642 81
1050343 70
1053146 19
1054057 11
1054642 7
1055458 1
1056731 0
1256 869
1470 875
4749 1705
7829 1790
9161 1871
9390 1877
10771 1910
11032 1912
12323 1890
12553 1893
13790 1891
14117 1900
15377 1923
15604 1909
19405 1908
22022 1927
28781 867
29025 868
30312 865
30628 868
31942 1720
32183 1811
33493 1289
33805 914
37850 1301
38086 938
39523 835
39752 853
41042 858
41272 855
43414 862
43669 853
44920 859
45256 850
46537 857
46760 856
48003 856
48212 862
51832 855
52050 856
58771 853
59005 856
68486 850
68709 850
69869 851
70086 856
73500 850
73715 848
75025 855
75251 850
79031 850
79263 846
80476 849
80799 850
81981 849
82208 847
83480 849
83724 850
87698 849
87941 850
91580 846
91895 850
96190 848
96430 847
97688 847
97906 845
102373 846
102603 847
104674 844
104892 847
111816 845
113039 842
113255 844
114503 845
114724 834
121026 843
121241 844
124555 846
124776 839
131117 839
131335 842
132633 845
132933 852
134208 838
134455 850
135710 840
135951 842
137304 840
137547 837
141180 845
141409 831
144674 838
144905 838
148961 839
149184 843
150419 836
150720 843
151929 840
152159 837
153361 841
153587 836
154841 835
157797 830
159144 831
159371 843
160763 840
161011 837
162278 834
162504 836
167365 841
167596 834
168897 839
169128 841
180907 832
181201 840
184491 1075
184723 1152
186025 1190
186360 865
187638 813
187878 832
189234 830
189583 838
195934 880
196231 822
197514 840
197731 832
201390 1498
201626 1627
202957 1945
203184 1954
204501 1896
204734 1564
206130 819
206379 783
207749 836
208009 820
211800 1297
212049 1166
213350 1278
213602 1322
214902 1303
217880 1975
219263 1839
219616 1746
226132 1999
226710 1715
228010 877
228324 880
229632 845
229877 857
231270 1567
231508 1723
235865 1985
236201 1922
239923 1747
240136 1666
246425 1031
246669 940
247903 847
248146 826
251874 822
252106 826
253339 819
253586 822
257552 824
257777 826
259120 820
259360 823
260716 824
260948 821
264211 823
264427 821
265700 821
265924 820
267252 817
267479 823
271085 1238
271337 1200
272551 902
272844 878
277006 2016
277352 2070
278722 1863
278980 1851
280288 1918
282784 1926
286948 2192
287844 2342
289222 1417
291762 1833
295934 2055
296261 2062
297514 2093
297731 2096
309756 1481
311036 1116
311280 1081
312541 1564
315725 2699
317441 1708
318003 1645
321757 828
321988 833
323289 811
323538 826
327681 824
327920 825
329304 819
329646 825
339036 1478
339276 1272
342944 2058
344246 2339
344476 2381
345764 1616
346087 1518
348105 1602
350815 1660
352186 1798
352441 1836
360163 1509
360388 1457
361575 1249
361906 1196
363216 1636
363445 1556
364735 1529
365049 1544
366295 1590
366526 1635
367803 1831
368036 1870
369381 1937
369696 1952
370949 1968
371178 1994
372428 2012
372667 2002
381818 2162
382449 2117
383785 2088
384126 2084
385447 2077
385687 2072
389629 1535
389865 1565
391035 1583
391283 1552
392532 1477
392875 1497
396951 1434
397287 1435
400937 1480
401195 1479
402431 1390
402657 1378
407940 1409
408160 1444
413955 1962
414173 1972
415420 1955
415663 1915
419618 1715
419903 1734
421149 1935
421417 1951
424817 1980
425145 1948
429957 1566
430214 1220
431567 1497
433943 1894
435205 1744
435443 1706
436717 1596
436958 1558
438278 1233
438584 1141
439846 858
440134 906
441509 2031
443778 1724
445116 2171
445352 2215
449185 1677
451780 1675
453085 1616
453362 1614
457457 1294
457691 1267
461296 860
461527 868
462851 818
463077 822
468136 1616
468573 1800
469909 2501
470147 2506
471448 1564
471688 1661
472975 2002
473215 2051
474529 2312
474755 2355
476138 1500
476368 1524
477648 1719
477880 1732
481517 1747
481757 1751
485907 1347
486238 1358
487462 1426
487706 1462
489132 1579
489354 1591
492841 1602
493071 1605
494319 1716
494548 1746
495884 1920
498758 2102
500012 2114
500234 2125
501487 2134
501779 2128
503445 2139
503775 2140
508156 1515
510866 1626
514161 1596
514441 1585
515701 1583
515927 1583
517244 1572
517471 1578
518783 1591
519009 1582
520194 1575
520419 1578
521759 1573
521987 1564
523227 1529
523446 1439
524703 1384
527762 1350
529084 1440
529304 1457
530650 1635
530883 1648
532102 1728
532329 1713
537602 1184
537824 1148
541429 848
541742 1046
542910 817
543134 835
544395 1732
544612 1622
550957 2019
551164 1836
552435 1670
552657 1698
559486 1555
559697 1567
560896 1598
561108 1622
564332 1713
564776 1720
565592 1738
565825 1754
569230 1682
569573 1664
570413 1653
570766 1640
571561 1625
573927 1612
574757 1622
575091 1589
575890 1582
578767 1639
579641 1677
579914 1688
585795 1798
588697 1809
589907 1778
590153 1780
591016 1769
591275 1767
592057 1762
592318 1766
593160 1763
593412 1763
594220 1767
594464 1772
595330 1765
595593 1766
596441 1777
596674 1763
599959 1723
600194 1705
601176 1676
601431 1673
604312 1600
604560 1590
605799 1580
606141 1574
606904 1558
607179 1562
607915 1555
608170 1547
611376 1461
613642 1467
614553 1474
614790 1482
620763 1513
621011 1502
623889 1545
624138 1559
625027 1554
625280 1556
626176 1555
626446 1546
627913 1537
628378 1528
631784 1502
632080 1502
632918 1502
633173 1493
636897 1472
639744 1491
640568 1549
640832 1572
641571 1531
643918 1628
644766 1633
645116 1633
645871 1650
646208 1665
646966 1710
647306 1709
648092 1732
648470 1745
649239 1785
649525 1793
655773 2352
658697 2394
661806 2018
662104 2032
662917 2041
663157 2040
663994 2070
664234 2070
665061 2098
665305 2108
666155 2125
666413 2127
667260 2132
667509 2116
670751 2000
671014 1987
676670 1977
676921 2163
680206 1820
680462 1864
683748 2095
684105 1822
684867 1776
690651 1870
691429 1939
696691 1985
700182 1696
700441 1704
701271 1716
701525 1714
702374 1720
702645 1726
703513 1727
703797 1730
704624 1737
704986 1739
705785 1744
706128 1747
706905 1752
707178 1751
710775 1778
711034 1778
713966 1779
714240 1783
715121 1777
715389 1778
716236 1775
716510 1769
717380 1769
717677 1765
718597 1768
718867 1771
719775 1768
720065 1770
720885 1774
721151 1770
724032 1768
724306 1768
725249 1777
725516 1776
726737 1782
727007 1784
727878 1785
728137 1785
731326 1791
733657 1791
734516 1791
734785 1793
740780 1787
741056 1789
741820 1797
742067 1794
747382 1711
748091 1707
751284 1693
751547 1691
752360 1692
752624 1691
753436 1689
753699 1687
760201 1708
760528 1713
761261 1711
763657 1714
767551 1743
767831 1742
771148 1740
771417 1742
772218 1740
772497 1748
775367 1751
775640 1744
776473 1745
776741 1745
777671 1748
777951 1744
778815 1741
779096 1742
782306 1740
782574 1742
785775 1724
786116 1724
786863 1722
787214 1723
787974 1725
788326 1717
789116 1712
791831 1700
792557 1695
794927 1680
795693 1679
796031 1678
796780 1674
797130 1672
797853 1667
798231 1666
798996 1662
799438 1659
800174 1656
800533 1655
803789 1653
804055 1658
807787 1664
808228 1668
809666 1682
809912 1688
813055 1682
813334 1678
814186 1678
814506 1680
818081 1669
818432 1665
819282 1673
819634 1669
820482 1668
820756 1669
821581 1667
821834 1670
822687 1665
822940 1670
824109 1666
824368 1668
827920 1658
828230 1656
828985 1655
831655 1649
832400 1649
832725 1647
833496 1643
833853 1645
834635 1647
834925 1647
835694 1653
836028 1655
836817 1655
839869 1650
840707 1653
841003 1658
841817 1656
842108 1659
843339 1669
843631 1666
844498 1675
844816 1678
845636 1670
846036 1680
846829 1677
849809 1680
850686 1685
850990 1679
856835 1671
857129 1666
857877 1665
858198 1673
858953 1664
861654 1664
862441 1659
862831 1656
863616 1654
864049 1656
865220 1652
865503 1651
866326 1651
866712 1652
867577 1650
867908 1649
869752 1646
870042 1648
873139 1656
873420 1648
874264 1646
874593 1649
875409 1653
875703 1650
876512 1650
876790 1650
877637 1659
877916 1657
881230 1659
883673 1658
884916 1651
885186 1649
885990 1650
886263 1647
887056 1640
887343 1645
888165 1624
888441 1622
889259 1622
891887 1608
892612 1616
892942 1616
893755 1616
894047 1617
894764 1617
895080 1618
895808 1616
896135 1612
896853 1616
897194 1601
900819 1603
901117 1593
901955 1599
902225 1596
905087 1578
905349 1573
906192 1570
906458 1558
907282 1561
907558 1558
910883 1607
911153 1610
916943 1598
917223 1638
917939 1595
918311 1578
919074 1545
919513 1530
920280 1457
920622 1408
921794 1633
922062 1578
922799 1753
923068 1683
923850 1549
924141 1541
927745 844
928572 808
933662 830
940301 833
940698 806
941734 837
942068 808
943183 830
943518 807
944540 833
944934 826
948659 826
949042 823
950193 812
950528 832
951934 827
952297 809
953549 814
957957 839
959157 821
961953 823
963037 814
963407 832
968775 831
969125 815
970271 833
970696 809
971737 838
972093 818
973148 820
973481 818
992970 2753
993673 3090
995019 3505
995365 3607
996466 3917
996833 4014
997920 4271
1000917 3412
1001991 3557
1002356 3593
1003397 3716
1003832 3767
1004880 3870
1005228 3914
1006311 3597
1006659 3371
1007722 3218
1008232 3483
1009691 3561
1010021 3418
1013304 2685
1013578 2685
1014676 2689
1015047 2688
1016123 2680
1016411 2671
1017451 2185
1017756 2094
1018836 2075
1019109 2072
1020284 1636
1020633 1640
1021713 1636
1022007 1646
1025160 1671
1025437 1673
1026569 1680
1026841 1683
1028411 1730
1028733 1753
1029868 1793
1030142 1803
1031228 1845
1033826 1849
1034883 1949
1035136 1964
1036190 1980
1036436 1972
1037483 1984
1037747 1990
1038805 1994
1039075 1997
1042493 2000
1042800 1991
1043774 2003
1044042 1990
1045145 2011
1045415 2011
1046859 2017
1047199 2018
1048182 2014
1048440 2019
1049510 1860
1049772 1684
1053023 1359
1053275 1325
1054508 979
1054882 949
1056226 823
1056872 779
633 31000
4130 48600
8558 54000
10009 53400
11569 53600
13160 54000
14669 53800
18768 53600
22571 53600
29663 28400
31208 48800
32828 53800
34477 37000
38827 37800
40321 29200
42166 29200
44294 29200
45793 29000
47358 28400
51200 28600
52566 28800
69218 28600
72866 29000
74348 28600
75789 29000
79873 29200
81319 28400
82834 28200
84344 29000
90952 28800
92443 29000
97002 28800
101693 29000
103989 28400
112362 29000
113797 29200
117965 28800
123933 29400
128032 29400
131999 28800
133486 29800
135093 28800
136595 28800
138124 29200
144055 27600
148169 29000
149810 28600
151249 27200
152689 29400
154179 29800
158490 29800
160049 29000
161561 28800
166524 29600
168119 29000
177778 58600
183761 37600
185391 56000
186939 39400
188629 28000
190150 28400
196789 29200
200726 60800
202302 53400
203763 52200
205377 58400
206939 29200
211030 28800
212622 53200
214175 56600
218640 54400
220165 55600
227365 81000
228985 27800
230466 51800
232168 83000
236774 69200
245727 54400
247279 34800
251146 27000
252661 28000
256874 27400
258455 27800
259993 28600
261496 28200
265068 27000
266583 27600
268018 28000
271901 38400
273422 33400
277933 50200
279639 52400
283338 75000
288585 72200
292311 87600
296808 70000
310323 54200
311913 49000
316354 64000
321031 54600
322526 28000
326951 28200
328664 28200
330248 28000
339906 68200
343487 94200
345139 71200
346717 77600
351460 87400
356988 85000
360924 75400
362463 45200
364073 52600
365594 59600
367083 70000
368728 62600
370236 56600
371807 63200
378802 65000
383168 60400
384683 60600
388872 84200
390424 54000
391906 53800
393414 52200
397858 48600
401818 41600
407306 43400
411196 58000
414719 53200
418882 53600
420443 66200
424089 51400
425725 97000
430938 52200
434496 63600
435982 86600
437599 76400
439145 46800
440785 44800
444436 95600
445898 71400
452335 75200
456791 75200
460685 64400
462145 27400
463639 27400
469142 88600
470795 80200
472256 87600
473884 94400
475413 82600
476935 85000
480887 64800
482325 64000
486811 67400
488452 78600
492221 61400
493613 76200
495236 92000
499305 79600
500848 80600
502326 79000
504784 59600
511424 44000
515049 83000
516555 58000
517993 57400
519620 54800
521060 54600
522526 52200
524059 81000
528465 58000
529977 81400
531418 81200
536879 71600
540831 57000
542255 32800
543730 36000
547906 68800
551826 80400
558776 61200
560239 65000
563734 68200
565379 61600
569029 82600
570197 47000
571335 45400
574548 48000
575656 86000
579343 58000
580459 56200
589279 51000
590812 50600
591868 51400
592964 52200
594017 52000
595116 53800
596238 53600
599735 59400
600972 45800
604097 50400
605208 51000
606687 53200
607704 53200
611153 47200
614329 56000
618093 56600
621558 69200
624704 72400
625860 72600
627469 61200
628949 56200
632625 59000
633751 58800
640305 58600
641372 58400
644565 86000
645655 87000
646773 88200
647887 90000
649015 91600
650047 68000
659283 103000
662621 52600
663716 66000
664783 66400
665866 60600
666960 53400
668083 50000
671560 51600
680015 93000
683159 99800
684645 77800
691212 77400
699970 81600
701060 60600
702097 62400
703308 59800
704422 61400
705573 62000
706686 61800
707729 62000
713664 61000
714831 53400
715948 53200
717122 52000
718278 54600
719555 62600
720670 53000
723740 59600
725028 61600
726155 64400
727669 59200
731124 50000
734315 53800
738098 56400
741598 52400
742652 51600
751038 50000
752136 50400
753233 54400
759656 55400
761065 54400
767333 61600
770947 57600
771995 57200
775157 54800
776269 55200
777447 55000
778598 55000
782107 55800
785214 58400
786653 58200
787767 58000
788917 57400
792356 56600
795468 56800
796554 57400
797652 57800
798794 57400
799974 63400
801065 62400
804697 63200
809439 80000
812724 66600
813987 61400
817862 61000
818975 62400
820176 64800
821287 62000
822407 61000
823484 62000
827723 62200
828779 62000
832184 61400
833272 60600
834425 64800
835479 69200
836603 64600
840480 67400
841615 68800
842750 73000
844268 73000
845425 67400
846621 68000
850459 66600
853666 66000
857651 60000
858736 60800
862232 61400
863394 61400
864582 61600
866127 61200
867337 61800
869504 61800
872892 62600
874037 62400
875200 62600
876314 62200
877420 63200
881016 65600
884317 61000
885716 58200
886804 58200
887871 55800
888998 54200
892415 62600
893474 66000
894567 62600
895600 62200
896654 62800
897742 62000
901708 59800
904888 58600
905911 55400
907084 57400
910674 57800
916747 54400
917741 59200
918849 82800
920052 80200
921163 47800
922590 50800
923586 83200
924690 74400
931773 27400
939970 27600
941388 27600
942861 27200
944239 27600
945605 27600
949854 27600
951198 27200
953178 27200
958800 27200
962685 27200
968257 28000
969951 27800
971408 25400
972824 27000
990219 89800
994513 133600
996127 152400
997558 161600
1001668 137400
1003087 145200
1004498 153200
1005990 139600
1007406 55600
1008864 80800
1013002 80800
1014368 92600
1015721 76600
1017137 59200
1018514 62800
1019949 66400
1021313 72600
1024771 84600
1026225 85200
1027566 86800
1029537 93000
1030905 92000
1034469 98000
1035783 85600
1037166 98800
1038511 92000
1042198 55400
1043420 78000
1044696 100800
1046149 96400
1047804 90600
1049134 92200
1052716 63800
1054137 58000
1055545 29200
711 1.9607849
4196 21.176477
8626 32.54903
10075 34.117657
11728 29.019617
13227 34.509815
14752 31.372559
18835 28.235304
22641 24.313734
29731 18.823536
31275 18.823536
32892 22.35295
34542 19.215693
38894 20.78432
40392 18.823536
42421 18.823536
44362 18.823536
45858 18.823536
47421 18.823536
51266 18.823536
52640 18.823536
67711 0
69271 18.823536
72931 18.823536
74404 18.823536
75862 18.823536
79936 18.823536
81387 18.823536
82909 18.823536
84414 18.823536
91023 18.823536
92503 18.823536
97080 18.823536
101775 18.823536
104071 18.823536
112424 1.9607849
113929 1.9607849
118032 1.9607849
124004 1.9607849
128092 1.9607849
132077 1.9607849
133559 1.9607849
135165 1.9607849
136662 1.9607849
138203 1.9607849
144133 1.9607849
148321 1.9607849
149887 1.9607849
151314 1.9607849
152830 1.9607849
154249 1.9607849
158552 1.9607849
160127 1.9607849
161630 1.9607849
166737 1.9607849
168191 1.9607849
177861 27.450989
183828 22.745106
185456 23.137262
187018 30.980402
188699 18.823536
190216 18.823536
196860 24.70589
200800 20.78432
202372 34.901974
203925 34.117657
205446 35.686287
207009 18.823536
211096 19.60785
212683 19.215693
214258 19.215693
218702 36.4706
220222 29.019617
227448 34.901974
229058 19.215693
230629 20.000006
232235 19.215693
236843 31.372559
245798 25.88236
247350 22.35295
251225 19.215693
252783 19.215693
256941 19.215693
258521 19.215693
260060 19.215693
261562 19.215693
265129 21.568634
266651 24.313734
268087 27.843145
271972 36.07844
273494 19.215693
278005 33.725502
279707 34.901974
283412 29.80393
288652 19.60785
292389 21.96079
296879 35.29413
300624 9.803925
310402 29.019617
311979 19.215693
316420 38.431385
321113 25.88236
322605 19.215693
327019 19.215693
328745 19.215693
330320 19.215693
339986 19.215693
343555 25.098047
345206 19.215693
346884 19.215693
351526 19.215693
357051 18.823536
361002 19.215693
362546 32.94119
364141 19.215693
365659 19.215693
367222 19.215693
368796 29.019617
370303 38.823544
371872 34.901974
378868 36.07844
383249 34.901974
384757 34.117657
388945 28.235304
390494 19.215693
391975 30.588245
393486 19.215693
397929 19.215693
401878 22.745106
407372 19.215693
411265 19.60785
414787 35.29413
418965 19.215693
420581 19.215693
424157 35.686287
425816 35.29413
431006 19.215693
434557 38.039227
436137 34.117657
437669 1.9607849
439214 24.313734
440950 19.215693
444505 19.215693
445966 32.15687
452409 36.4706
456859 1.9607849
460758 19.215693
462216 19.215693
463706 19.215693
469227 21.96079
470865 19.215693
472326 19.215693
473967 19.215693
475487 1.9607849
477009 1.9607849
480961 19.215693
482396 19.215693
486884 19.215693
488525 19.215693
492293 19.215693
493680 19.215693
495304 19.215693
499372 19.215693
500931 18.823536
502393 18.823536
504861 25.88236
511504 32.94119
515134 19.215693
516623 19.215693
518060 19.215693
519677 19.215693
521135 19.215693
522604 21.176477
524137 37.254913
528531 19.215693
530044 1.9607849
531482 19.215693
536943 1.9607849
540894 22.35295
542321 25.098047
543880 19.215693
547973 19.215693
551902 19.215693
558851 19.215693
560304 19.215693
564103 19.215693
565451 19.215693
569090 32.15687
570266 34.117657
571408 40.78433
574615 29.411774
575728 36.86276
579489 18.823536
582659 19.215693
589336 34.509815
590884 36.07844
591933 35.686287
593030 34.901974
594077 36.07844
595186 34.901974
596297 38.039227
599804 38.039227
601039 33.333344
604165 29.80393
605276 24.313734
606765 19.215693
607772 18.823536
611225 21.96079
614395 19.215693
618159 19.215693
623658 18.823536
624777 18.823536
625937 19.215693
627620 18.823536
629030 19.215693
632716 18.823536
636674 19.215693
640382 18.823536
641436 19.60785
644636 1.9607849
645727 1.9607849
646836 1.9607849
647949 1.9607849
649082 1.9607849
650106 23.921576
659362 1.9607849
662786 20.392164
663784 19.215693
664840 20.392164
665931 27.058832
667026 40.39217
668153 35.29413
673661 34.509815
680076 1.9607849
683226 19.215693
684715 19.215693
691286 18.823536
700038 18.823536
701128 18.823536
702172 18.823536
703375 19.215693
704478 18.823536
705644 18.823536
706754 18.823536
707802 18.823536
713727 25.098047
714935 34.509815
716073 38.431385
717219 34.117657
718446 34.509815
719632 26.666676
720739 32.15687
723888 29.411774
725104 23.137262
726224 18.823536
727735 19.215693
731190 34.901974
734387 36.86276
738164 36.4706
741688 36.07844
746703 36.86276
751122 34.117657
752203 37.64707
753296 30.980402
759724 38.039227
761129 36.07844
767402 27.843145
771015 30.588245
772065 31.372559
775223 35.29413
776336 36.86276
777515 39.2157
778670 36.86276
782174 37.254913
785288 34.901974
786721 32.54903
787835 32.15687
788984 28.62746
792424 25.88236
795534 21.96079
796630 19.60785
797717 19.215693
798870 18.823536
800041 18.823536
801134 18.823536
804764 18.823536
809517 18.823536
812898 18.823536
814054 18.823536
817945 18.823536
819041 18.823536
820253 18.823536
821364 18.823536
822471 18.823536
823551 18.823536
827788 18.823536
828844 18.823536
832256 18.823536
833353 18.823536
834493 18.823536
835551 18.823536
836671 18.823536
840551 18.823536
841685 18.823536
842823 18.823536
844335 18.823536
845493 18.823536
846693 18.823536
850540 19.215693
856667 18.823536
857722 18.823536
858816 18.823536
862299 18.823536
863460 18.823536
864651 18.823536
866193 18.823536
867426 18.823536
869582 18.823536
872978 18.823536
874116 18.823536
875276 18.823536
876378 18.823536
877485 18.823536
881083 18.823536
884385 18.823536
885783 18.823536
886870 19.215693
887938 32.15687
889063 31.372559
892482 18.823536
893539 18.823536
894633 18.823536
895665 18.823536
896721 18.823536
897808 19.215693
901814 19.215693
904955 18.823536
906039 27.058832
907150 18.823536
910751 18.823536
916812 22.745106
917806 32.54903
918912 35.686287
920115 1.9607849
921233 26.666676
922656 34.901974
923651 32.54903
924756 35.686287
931839 19.215693
940125 19.60785
941470 19.215693
942940 19.215693
944321 19.215693
945702 19.215693
949937 19.215693
951285 19.215693
953275 19.215693
958886 19.215693
962777 20.000006
968521 27.843145
970039 28.62746
971481 30.980402
972905 36.07844
990306 1.9607849
994590 1.9607849
996207 1.9607849
997646 1.9607849
1001756 1.9607849
1003167 1.9607849
1004578 1.9607849
1006071 26.666676
1007487 29.411774
1008941 19.215693
1013090 36.07844
1014455 43.529427
1015799 41.56864
1017224 38.823544
1018594 36.07844
1020034 18.823536
1021393 18.823536
1024937 19.215693
1026314 19.215693
1027652 19.215693
1029615 1.9607849
1030995 19.215693
1034552 1.9607849
1035860 20.000006
1037241 19.215693
1038595 19.215693
1042280 25.490204
1043502 25.88236
1044888 19.215693
1046237 19.215693
1047868 19.215693
1049220 35.29413
1052806 34.509815
1054229 19.215693
1055715 19.215693
847 39
4335 40
8755 40
10239 40
11888 40
13365 40
14886 40
18963 41
25741 41
29879 42
31425 42
33040 42
34324 42
34681 42
39029 42
40521 43
42824 43
44501 43
46022 43
47546 43
51400 43
55739 43
67879 44
69391 44
73076 44
74546 44
76008 44
80065 44
81512 44
83047 44
84533 44
91163 45
92653 45
97311 45
101925 45
104227 45
112544 45
114083 45
118161 45
124144 46
128215 46
132216 46
133695 46
135304 46
136804 46
140789 46
144270 46
148559 46
150020 46
151447 46
152964 46
154312 46
154443 46
158688 47
160267 47
161852 47
166864 47
168490 47
178002 47
184075 47
185590 48
187226 48
188831 48
190354 48
197001 48
200932 48
202505 48
204067 48
205589 48
207225 48
211253 49
212909 49
214326 49
214471 49
218836 49
220361 49
227612 50
229200 50
230819 51
232387 51
236984 51
245942 53
247494 53
251377 54
252937 54
257095 54
258680 54
260214 54
263724 54
265273 54
266767 54
270676 54
272111 55
273632 55
276785 55
278147 55
279856 55
283552 55
288795 55
292528 56
297027 57
310618 58
312115 59
316559 59
321277 60
322827 60
327256 60
328885 60
332421 60
340122 61
343695 61
345336 61
347344 62
351760 62
359727 64
361141 65
362787 65
364282 65
365796 65
367386 65
368936 65
370440 65
372011 66
379007 66
383378 67
384987 67
389082 67
390632 67
392115 67
393625 67
396735 68
398055 68
402021 68
407511 68
411420 68
414985 69
419101 69
420724 69
424385 69
425954 69
431148 69
434696 69
436307 70
437796 70
439346 70
441103 70
444644 70
448740 70
452536 71
456720 71
457030 71
460895 71
462356 71
466677 71
469376 71
471013 71
472463 71
474112 72
475630 72
477244 72
481107 73
482538 73
487036 74
488669 74
492423 75
493887 75
495456 75
499601 76
501055 76
502532 76
507744 77
513662 77
514348 78
515270 78
516746 78
518272 78
519811 78
521268 78
522817 78
524269 78
528673 78
530174 78
531687 78
537085 79
541035 79
542450 79
544012 79
548104 79
552043 79
558982 80
560435 80
574351 82
589551 82
605419 82
629179 84
636742 84
650256 85
683368 85
696760 88
707940 88
726377 83
756731 85
759846 85
785436 86
801256 84
814383 86
823684 87
842959 84
864779 86
874453 86
884506 85
897937 84
921362 87
936824 84
951451 83
994348 87
1009108 89
1027826 86
1046395 88
1054298 87
915 98
4392 98
8821 98
10311 98
11955 98
13437 98
15028 98
19031 98
25805 98
29947 98
31492 98
33118 98
34754 98
39092 98
40686 98
43036 98
44566 98
46184 98
47612 98
51474 98
55803 98
67957 98
69525 98
73146 98
74601 98
78691 98
80132 98
81577 98
83117 98
84602 98
91231 98
94684 98
97375 98
102008 98
104309 98
112612 98
114151 98
118228 98
124211 98
130753 98
132287 98
133767 98
135370 98
136871 98
140854 98
144348 98
148631 98
150085 98
151513 98
153041 98
154508 98
158771 98
160338 98
161921 98
166939 98
168555 98
178071 98
184144 98
185671 98
187294 98
188891 98
190422 98
197099 98
201006 98
202578 98
204139 98
205670 98
207311 98
211340 98
213003 98
214534 98
218906 98
220441 98
227671 98
229278 98
230890 98
232461 98
237054 98
246074 98
247564 98
251438 98
253010 98
257188 98
258764 98
260283 98
263790 98
265342 98
266827 98
270737 98
272186 98
273689 98
278282 98
279926 98
283620 98
288864 98
292597 98
297182 98
310686 98
312183 98
316635 98
321357 98
322896 98
327326 98
328954 98
340200 98
343885 98
345409 98
347417 98
351832 98
359794 98
361217 98
362862 98
364355 98
365862 98
367455 98
369006 98
370580 98
372083 98
379077 98
383438 98
385063 98
389150 98
390698 98
392182 98
393694 98
398117 98
402078 98
407566 98
411488 98
415048 98
419158 98
420794 98
424455 98
428729 98
431207 98
434774 98
436376 98
437863 98
439484 98
441170 98
444716 98
448814 98
452602 98
457099 98
460957 98
462422 98
466976 98
469545 98
471096 98
472536 98
474182 98
475701 98
477315 98
481176 98
482597 98
487107 98
488741 98
492486 98
493961 98
495537 98
499656 98
501136 98
502602 98
507815 98
513741 98
515346 98
516813 98
518442 98
519866 98
521325 98
522883 98
524340 98
528738 98
530242 98
531765 98
537249 98
541101 98
542516 98
544079 98
548180 98
552108 98
559061 98
560544 98
589620 98
605495 98
629237 98
650327 98
683442 98
708010 98
726458 98
759924 98
785506 99
801322 99
823844 99
843042 99
864936 99
884585 99
898001 99
921426 99
951584 99
1009282 99
1027915 99
1046481 99
1313 98
1607 98
4816 101
7981 107
9229 113
9608 113
10837 111
11162 111
12391 114
12681 114
13935 115
14252 115
15444 113
15741 114
21768 116
22147 117
28850 98
29167 98
30392 98
30781 98
32011 102
32335 106
33631 109
33949 105
37920 108
38324 106
39583 99
39895 98
41123 98
41415 98
43483 98
43793 98
45089 98
45392 98
46610 98
46886 98
48065 98
50786 98
51900 98
52176 98
58838 98
59142 98
68546 98
68852 98
69936 98
70211 98
73565 98
73928 98
75091 98
75392 98
79099 98
79382 98
80634 98
80928 98
82051 98
82332 98
83550 98
83930 98
87763 98
88085 98
91725 98
92035 98
96259 98
96581 98
97753 98
98036 98
102449 98
103013 98
104740 98
111964 98
113107 98
113396 98
114566 98
114841 98
121081 98
121393 98
124611 98
124903 98
131174 98
131476 98
132699 98
133071 98
134276 98
134609 98
135777 98
136183 98
137370 98
137691 98
141256 98
141550 98
144741 98
147767 98
149026 98
149316 98
150485 98
150851 98
151997 98
152291 98
153426 98
153719 98
154906 98
157921 98
159203 98
159603 98
160843 98
161156 98
162346 98
162646 98
167435 98
167729 98
168955 98
169281 98
181031 98
181338 98
184557 99
184864 99
186192 105
186490 103
187705 98
188024 98
189313 98
189721 98
195999 99
196393 99
197573 98
197861 98
201458 99
201860 102
203026 111
203339 110
204568 108
204875 107
206211 99
206514 99
207827 98
208147 98
211873 98
212182 100
213420 103
213747 104
217696 105
218025 125
219333 110
219751 108
226350 112
226871 107
228074 101
228559 100
229703 99
230020 99
231341 105
231725 111
235946 140
236345 133
239983 113
240285 110
246493 106
246808 104
247974 101
250664 100
251945 99
252234 99
253407 99
253712 99
257620 99
257924 99
259199 99
259555 99
260788 99
261089 99
264269 99
264562 99
265759 99
266148 99
267308 99
267606 99
271155 104
271478 105
272621 101
272997 99
277076 117
277491 114
278805 107
279119 107
280357 110
282922 104
287214 126
287989 136
289294 117
291896 130
296044 136
296413 137
297580 137
297872 137
309910 115
311114 107
311412 105
312596 110
315855 161
317668 115
318233 114
321818 100
322130 100
323360 99
323679 99
327749 99
328057 99
329376 99
329797 99
339104 119
339479 115
342641 31
343085 151
344317 152
344614 143
345832 119
346216 120
348181 123
350971 133
352267 156
352581 161
360230 103
360518 103
361746 106
362046 106
363287 106
363574 109
364807 113
365194 115
366364 118
366666 119
367872 130
368176 132
369539 132
369824 132
371008 127
371308 129
372497 138
375772 155
381887 137
382612 136
383957 137
384256 137
385517 134
385827 134
389697 110
390006 111
391103 116
391426 115
392603 112
393007 113
397018 111
397440 111
401007 112
401338 112
402489 109
406805 107
408000 108
410784 121
414023 132
414312 133
415479 117
415805 113
419693 117
420043 122
421220 134
421565 135
424886 115
425296 112
430023 105
430443 108
433674 111
434086 131
435274 113
435579 110
436795 105
437186 106
438421 105
438719 104
439956 101
440267 101
441572 118
444013 126
445186 155
445496 154
449253 121
451924 121
453152 108
453496 106
457525 103
457828 103
461373 101
461752 100
462918 100
463206 100
468277 128
468739 131
469977 170
470284 167
471508 132
471817 136
473046 155
473357 159
474599 169
474982 154
476196 134
476505 137
477715 154
478024 152
481586 136
481900 136
486088 105
486390 108
487532 121
487848 125
489200 134
491800 128
492909 126
493207 126
494379 145
494700 151
495964 155
498896 143
500079 138
500364 138
501555 139
501916 139
503514 140
504314 141
510703 120
511012 123
514227 108
514573 109
515758 113
516148 116
517311 120
517594 120
518849 121
519134 121
520259 121
520655 121
521824 121
522119 120
523292 118
523590 115
524767 107
527895 104
529149 118
529555 127
530715 148
531016 147
532166 152
532458 153
537666 105
537956 104
541493 102
541876 101
542976 101
543274 101
544459 118
544743 125
551021 125
551295 119
552500 126
555790 148
559551 124
559826 124
560961 125
561238 126
564461 132
564972 131
565648 131
565956 131
569297 109
569724 110
570582 114
570918 115
573659 113
574068 117
574826 118
575239 115
575959 108
578906 120
579720 124
580052 126
585860 133
588840 125
589976 122
590291 123
591084 125
591402 125
592126 125
592471 124
593226 125
593537 125
594287 125
594616 125
595399 126
595734 127
596497 128
596814 127
600038 114
600331 111
601247 112
601570 113
604380 114
604697 116
605859 120
606292 120
606973 121
607307 121
607984 121
610723 109
611447 112
613884 118
614619 119
617662 119
620830 124
621147 126
623958 135
624274 135
625098 136
625425 137
626245 136
626594 134
628065 128
628524 127
631862 124
632224 124
632985 124
633311 124
636964 119
639880 120
640647 122
640972 124
643664 125
644058 110
644833 112
645253 112
645929 112
646347 112
647031 113
647448 114
648153 114
648607 114
649297 115
649658 115
655842 119
658838 117
661875 118
662235 121
662985 127
663304 129
664062 136
664368 137
665129 140
665447 142
666221 141
666552 140
667326 134
667669 125
670818 122
671155 122
676738 166
677059 167
680276 199
682742 172
683883 141
684238 131
687866 134
690795 143
691496 143
696913 138
700251 150
700640 147
701329 140
701676 138
702443 137
702858 136
703585 135
703942 136
704693 136
705125 137
705856 137
706249 138
706985 138
707307 138
710839 138
711181 139
714034 133
714380 129
715189 131
715533 132
716306 132
716665 129
717449 125
717821 126
718666 131
719007 133
719845 137
720196 137
720951 134
721303 134
724103 136
724449 137
725317 138
725657 139
726807 140
727246 139
727946 138
730666 138
731405 133
733889 135
734584 129
737659 128
740846 130
741192 129
741878 128
742214 128
747451 115
748265 117
751361 126
751736 126
752427 125
752836 123
753514 126
756663 128
760267 130
760672 129
761316 129
766844 135
767617 137
767979 138
771208 136
771575 136
772285 136
774658 136
775427 133
775772 133
776541 135
776882 135
777739 135
778182 133
778882 132
781690 133
782372 134
784741 134
785842 135
786265 135
786934 135
787360 135
788042 135
788461 134
789184 134
791977 133
794661 133
795063 132
795760 132
796165 132
796846 132
797252 132
797920 132
798365 131
799063 131
799573 132
800240 133
800670 134
803855 135
804300 135
807913 137
808641 141
809732 149
810043 149
813131 137
813477 137
814251 137
814638 136
818239 135
818563 135
819443 137
819776 137
820557 138
820887 138
821646 136
822006 136
822753 136
823074 136
824173 136
824500 136
827975 135
828362 135
829059 135
831787 135
832469 134
832857 134
833564 134
833988 135
834703 136
835067 137
835773 140
836172 143
836886 140
839992 138
840778 139
841141 140
841888 140
842237 141
843419 145
843864 145
844567 145
845014 144
845706 143
846190 142
846902 142
849934 142
850757 141
851121 141
856902 136
857257 136
857937 136
858326 136
859009 136
861799 135
862507 135
862966 136
863684 135
864184 136
865287 135
865627 135
866404 135
866859 135
867645 135
868583 135
869828 135
870167 136
873205 136
873564 136
874330 136
874736 136
875486 136
875835 136
876579 136
876922 136
877703 136
878057 136
881295 139
883893 135
884982 134
885315 134
886055 134
886393 133
887143 133
887468 133
888240 126
888572 123
891674 126
892038 134
892740 134
893084 136
893841 137
894178 137
894881 135
895212 135
895873 134
896267 134
896916 134
897334 134
900915 133
901257 133
902019 132
902358 132
905152 131
905479 126
906256 124
906590 125
907357 127
907700 127
910947 151
911285 153
917018 132
917351 129
918014 128
918445 121
919138 112
919643 109
920344 109
920764 111
921859 115
922193 115
922863 121
923197 120
923925 111
924271 113
928315 103
928808 103
936896 102
940355 102
940874 102
941801 102
942235 102
943249 102
943670 102
944606 102
945111 102
948725 102
949287 102
950261 102
950714 102
952021 102
952460 102
953658 102
958188 102
961666 102
962110 102
963103 102
963574 102
968839 102
969457 102
970338 102
970852 102
971803 102
972251 102
973213 102
973637 102
989758 163
993275 241
993919 231
995085 222
995522 219
996534 214
997088 211
997984 207
1001075 222
1002057 223
1002509 220
1003463 219
1003994 218
1004937 215
1005390 215
1006366 171
1006824 167
1007799 158
1008405 172
1009756 243
1010189 176
1013369 181
1013850 186
1014743 200
1015218 187
1016200 172
1016583 170
1017516 143
1017922 140
1018902 147
1019445 140
1020349 136
1020799 138
1021781 141
1022192 143
1025225 157
1025605 159
1026630 162
1027089 164
1028466 172
1028889 184
1029934 206
1030311 192
1031304 172
1033981 172
1034948 190
1035302 186
1036256 167
1036609 175
1037547 165
1037911 161
1038870 147
1041708 147
1042547 147
1042959 166
1043839 165
1044215 175
1045212 168
1045570 159
1046924 147
1047350 143
1048240 148
1048672 152
1049576 139
1049928 128
1053079 113
1053422 111
1054574 105
1055065 105
1056446 103
1059742 103
1541 10
7910 12
9534 12
11106 11
12613 12
14185 12
15686 11
22081 11
29091 7
30703 8
32257 11
33879 12
38159 12
39828 8
41347 9
43734 9
45327 10
46823 9
50712 10
52113 10
59063 10
68780 10
70149 10
73772 10
75328 10
79326 10
80864 10
82275 10
83791 10
88016 11
91967 11
96512 10
97971 11
102688 11
107710 11
111886 10
113328 11
114788 10
121326 11
124847 11
131406 10
133000 11
134542 11
136019 11
137614 11
141485 11
147695 11
149251 10
150785 11
152226 10
153654 11
157853 11
159530 11
161082 11
162578 11
167653 11
169202 10
181272 10
184798 12
186422 13
187947 9
189651 10
196307 12
197793 11
201786 13
203259 14
204809 13
206447 10
208079 10
212126 10
213678 12
217958 14
219684 12
226784 11
228486 8
229951 9
231578 10
236269 12
240217 11
246743 8
248241 8
252167 8
253646 9
257845 10
259473 10
261022 10
264496 10
266084 10
267548 10
271411 12
272914 10
277425 13
279050 12
282854 11
287918 12
291830 11
296329 11
297805 11
301759 -8
303759 -9
309832 9
311346 9
315791 12
318136 9
322064 7
323611 7
327988 8
329714 8
339349 12
343012 11
344548 12
346158 10
350893 10
352514 11
360462 7
361968 8
363507 9
365118 9
366588 9
368108 10
369758 10
371251 10
375699 10
382531 9
384196 9
385760 9
389936 7
391359 8
392946 8
397364 8
401262 8
406735 8
410711 9
414246 10
415727 8
419972 9
421493 10
425219 9
430357 6
434018 10
435511 10
437036 7
438652 8
440201 6
443942 11
445429 10
451856 8
453437 7
457761 7
461681 6
463140 6
468655 10
470213 11
471763 9
473289 10
474829 10
476437 8
477956 9
481833 8
486313 7
487780 8
491726 8
493139 8
494622 9
498838 9
500298 8
501861 8
504083 8
510933 7
514507 7
516080 7
517526 8
519070 8
520580 8
522053 8
523525 8
527829 7
529486 7
530951 9
532393 9
537889 6
541810 5
543199 5
544679 6
551228 9
555722 7
559761 7
561173 7
564901 7
565888 7
569656 5
570838 7
573995 7
575171 7
578837 8
579983 8
588773 8
590225 7
591336 7
592398 7
593480 7
594538 7
595663 7
596745 7
600264 6
601504 6
604629 7
606225 7
607238 7
610659 7
613726 7
614860 7
621080 7
624205 8
625352 8
626518 8
628446 7
632152 7
633243 7
639815 7
640903 7
643985 7
645184 8
646278 8
647376 8
648540 8
649596 8
658770 8
662174 7
663237 8
664301 8
665390 8
666486 8
667600 8
671083 7
676990 9
682669 8
684175 7
690726 7
696842 8
700545 7
701596 7
702792 7
703869 7
705058 7
706187 7
707237 7
711102 7
714310 7
715459 7
716592 7
717747 7
718937 8
720129 8
721231 8
724375 8
725587 8
727076 8
728260 8
733730 8
734855 7
741123 8
742135 8
748158 8
751656 8
752702 8
753766 8
760606 8
766773 8
767901 8
771495 8
772567 8
775698 8
776811 8
778022 8
779165 8
784667 8
786184 8
787291 8
788393 8
791897 8
794995 8
796099 8
797187 8
798300 8
799507 8
800602 8
804118 8
808445 8
809977 8
813409 8
814571 7
818496 7
819698 7
820821 7
821898 7
823007 7
824433 7
828296 7
831722 7
832795 7
833923 7
834993 7
836098 7
839926 7
841071 7
842176 7
843791 7
844941 7
846122 7
849867 7
851048 7
857197 7
858266 7
861730 7
862900 7
864116 7
865558 7
866788 7
868182 7
870108 7
873497 7
874658 7
875767 7
876855 7
877980 7
883826 7
885249 7
886327 7
887409 7
888505 7
891962 7
893017 7
894111 7
895145 7
896200 7
897258 7
901181 7
902290 7
905416 7
906524 7
907633 7
911218 8
917287 7
918382 7
919579 6
920687 6
922126 7
923132 7
924205 6
928732 5
936757 6
940794 7
942153 7
943587 7
945035 7
949125 7
950597 7
952372 7
958035 8
962031 8
963488 8
969282 8
970774 8
972173 9
973558 9
978210 -28
978730 -28
979180 -28
982154 -28
982710 -19
983309 -15
983685 -15
984276 -16
984740 -24
985299 -17
985820 -14
986415 -14
989664 -11
993838 11
995444 11
996920 11
1000994 10
1002432 10
1003914 10
1005316 10
1006726 9
1008311 7
1010099 9
1013667 8
1015129 8
1016495 8
1017842 7
1019286 7
1020714 7
1022101 7
1025522 8
1026925 8
1028807 8
1030224 9
1033905 8
1035209 9
1036530 8
1037829 8
1039160 8
1042875 8
1044126 9
1045494 9
1047267 8
1048595 8
1049852 8
1053345 6
1054971 5
1056953 5
3693 8.86
8059 22.22
9688 22.31
11233 22.58
12830 23.829998
14314 22.43
15802 23.96
22224 24.88
29241 8.57
30860 10.41
32407 22.38
34025 6.7999997
38482 6.71
39966 8.23
41486 8.639999
43926 8.349999
45459 8.309999
46950 8.33
50856 8.599999
52240 8.3
59203 8.62
68917 8.349999
70278 8.48
74001 8.57
75455 8.5
79530 8.23
80992 8.5
82399 8.67
83999 8.28
88156 8.76
92106 8.67
96649 8.67
98090 8.43
103102 8.38
112023 8.54
113468 8.26
114910 8.59
121466 8.309999
127693 8.16
131548 8.54
133144 8.55
134677 8.349999
136255 8.21
137777 8.3
141617 8.349999
147837 8.5
149398 8.25
150920 8.55
152358 8.25
153799 8.33
157982 8.16
159670 8.13
161221 8.67
162718 8.18
167797 8.37
169342 8.71
181410 8.349999
185029 13.0199995
186559 6.23
188105 8.38
189786 8.08
196466 7.2699995
197929 8.18
201927 20.65
203422 18.95
205032 11.61
206585 7.89
208219 8.42
212252 12.21
213818 14.419999
218106 27.149998
219818 19.03
226950 15.189999
228630 8.139999
230092 9.25
231807 23.789999
236422 27.38
240362 17.46
246891 9.25
250737 8.33
252301 8.23
255757 8.19
257996 8.09
259623 8.13
261162 8.0199995
264633 8.26
266218 8.3
267679 8.26
271551 11.03
273065 8.809999
277565 18.69
279193 17.869999
282995 13.279999
288053 28.13
291968 26.419998
296483 27.509998
297941 27.409998
309975 17.07
311482 10.7699995
315933 37.89
320665 20.09
322202 8.37
323761 7.8199997
328136 8.01
329864 7.96
339554 13.839999
343152 34.82
344685 34.489998
346361 19.76
351053 25.14
352654 31.92
360591 15.5
362108 12.32
363652 18.3
365271 19.29
366738 22.02
368376 27.119999
369902 26.369999
371374 28.109999
375840 35.53
382786 27.669998
384329 27.05
385894 26.449999
390086 18.72
391487 17.46
393067 18.13
397514 16.57
401413 17.22
406873 14.529999
410855 22.51
414385 28.25
415887 17.92
420114 23.759998
423664 28.43
425368 18.78
430585 14.339999
434154 26.229998
435647 16.27
437255 16.98
438789 10.049999
440337 8.71
444085 26.009998
445558 36.45
451992 21.609999
453564 14.869999
457894 12.869999
461808 8.38
463276 8.13
468805 28.369999
470360 40.309998
471898 25.72
473428 36.18
475055 34.539997
476577 23.089998
478094 27.089998
481971 25.07
486461 14.99
487929 20.5
491879 22.26
493280 21.59
494772 30.02
498973 31.109999
500430 30.929998
501987 30.84
504401 31.689999
511082 21.47
514641 18.43
516213 19.83
517663 20.02
519212 20.6
520721 20.23
522197 20.04
523665 17.43
527958 16.22
529621 21.1
531082 25.979998
532525 27.939999
538020 11.86
541940 9.34
543394 8.33
544809 20.93
551359 22.58
555855 32.07
559893 20.36
561315 21.439999
565037 24.249998
568664 24.82
569796 19.47
570992 20.12
574147 20.14
575314 16.71
578990 21.51
580125 23.23
588915 21.039999
590365 22.24
591479 22.56
592539 22.22
593609 22.96
594679 23.01
595817 24.249998
596877 22.599998
600414 17.960001
603664 20.26
604770 20.02
606374 20.55
607369 19.85
610793 16.74
613965 18.16
617733 18.86
621221 20.380001
624347 22.48
625493 21.74
626662 21.56
628606 20.12
632290 19.65
633388 19.25
639953 18.64
641035 21.01
644122 19.34
645319 19.54
646414 20.52
647534 21.369999
648675 21.22
649725 22.72
658914 26.569998
662302 26.399998
663373 29.41
664440 29.97
665524 31.849998
666623 31.269999
667746 23.16
671223 23.21
679658 36.01
682811 37.67
684305 24.949999
690861 29.18
696979 24.39
700697 25.64
701751 25.579998
702935 24.829998
704010 24.769999
705207 25.189999
706316 25.909998
707382 26.199999
711247 25.89
714495 24.999998
715601 24.749998
716733 20.19
717888 24.199999
719080 25.529999
720263 25.839998
721370 25.109999
724527 25.859999
725726 26.559998
727318 26.63
730739 25.23
733959 21.9
737733 23.72
741258 23.369999
742283 22.89
750676 22.8
751801 23.089998
752903 21.74
756800 24.099998
760741 22.84
766911 25.429998
768056 26.13
771642 25.749998
774727 24.65
775841 24.269999
776949 25.619999
778245 23.55
781764 25.07
784883 25.019999
786333 24.47
787427 24.82
788580 24.249998
792044 24.419998
795128 24.41
796232 23.859999
797319 23.619999
798434 23.759998
799638 23.4
800734 23.21
804367 24.249998
808862 25.939999
810111 26.099998
813541 24.66
814702 24.169998
818627 24.609999
819840 24.65
820961 24.65
822071 24.13
823137 24.439999
824564 24.509998
828436 23.47
831851 23.71
832927 23.33
834053 23.779999
835134 23.96
836251 24.919998
840063 25.06
841208 24.529999
842305 25.039999
843931 26.319998
845081 25.64
846266 25.24
850005 25.259998
851177 25.24
857324 23.74
858392 24.119999
861877 24.119999
863048 24.07
864249 24.05
865692 24.609999
866934 23.929998
868665 24.169998
870234 23.929998
873632 24.079998
874832 24.009998
875931 23.96
877030 24.179998
880663 23.71
883959 23.57
885380 23.89
886457 23.619999
887532 23.449999
888636 21.4
892102 23.179998
893148 23.57
894242 23.449999
895276 22.92
896331 22.58
897398 22.939999
901321 22.27
902432 22.5
905555 19.9
906664 20.74
907774 20.72
911349 25.619999
917418 21.93
918511 18.47
919708 14.289999
920828 16.47
922256 20.72
923263 15.329999
924349 17.61
928966 8.25
936975 8.42
940958 8.21
942322 8.4
943836 8.67
945188 8.57
949442 8.33
950798 8.349999
952689 8.5
958280 8.059999
962194 8.639999
963656 8.38
969540 8.13
970930 8.48
972328 8.43
977684 8.4
989849 53.859997
994006 71.68
995602 77.049995
997170 81.01
1001165 72.92
1002686 75.57
1004074 77.67999
1005486 78.78999
1006901 50.62
1008484 56.149998
1010273 51.16
1013943 42.989998
1015303 37.92
1016664 33.93
1018001 28.55
1019531 25.529999
1020878 23.179998
1022272 24.3
1025690 27.849998
1027166 28.89
1028965 34.73
1030488 33.11
1034072 35.93
1035383 33.449997
1036688 35.28
1037993 32.55
1041791 26.759998
1043038 35.289997
1044294 36.32
1045657 32.94
1047429 30.19
1048752 32.55
1050006 17.48
1053568 10.45
1055156 8.28
1059838 8.3
3768 30.196089
8131 18.823536
9755 19.215693
11300 18.823536
12894 18.823536
14391 18.43138
15869 18.823536
22297 18.03922
29308 27.843145
30933 27.058832
32474 19.215693
34103 21.568634
38552 20.78432
40035 27.843145
41564 27.843145
44000 29.411774
45526 28.62746
47013 27.843145
50938 28.235304
52306 27.450989
59271 27.450989
68971 27.843145
70357 27.450989
74061 27.843145
75521 27.843145
79601 27.843145
81057 27.450989
82468 27.450989
84067 27.843145
88225 27.843145
92177 27.843145
96720 27.450989
98159 26.666676
103245 27.843145
112093 27.450989
113535 26.666676
117694 26.666676
121523 27.058832
127767 26.666676
131616 27.843145
133211 27.058832
134755 27.058832
136322 27.843145
137846 27.058832
143697 26.666676
147902 27.450989
149527 27.450989
150984 27.450989
152423 26.666676
153926 27.058832
158049 27.058832
159732 27.058832
161282 26.274519
165819 27.450989
167867 27.450989
169408 27.058832
181486 27.450989
185099 31.372559
186636 20.78432
188162 26.666676
189855 26.274519
196533 34.117657
198000 70.980415
201999 20.000006
203489 15.686279
205092 4.313727
206652 27.058832
210747 26.274519
212320 49.803936
213894 43.529427
218172 22.35295
219889 20.392164
227019 0
228697 29.019617
230159 44.7059
231888 53.33335
236495 30.588245
240429 19.215693
246958 25.490204
250827 27.058832
252374 27.058832
258064 27.058832
259695 27.058832
261230 27.450989
264701 27.058832
266285 27.450989
267746 27.058832
271639 43.137268
273137 25.098047
277642 15.294123
279248 14.901965
283062 0
288122 13.333338
292034 44.31374
296554 26.274519
297996 25.490204
310041 37.64707
311548 23.921576
316019 25.490204
320739 3.9215698
322258 25.098047
326660 25.098047
328277 25.88236
329945 25.88236
339625 61.960804
343222 41.960796
344753 14.117652
346435 65.09806
351145 69.41179
356728 66.66669
360649 0
362186 65.49022
363724 24.70589
365342 33.725502
366806 37.64707
368448 27.843145
369958 19.215693
371451 23.137262
375896 30.196089
382860 21.568634
384405 20.78432
385960 17.254908
390151 25.88236
391555 6.666669
393141 27.058832
397581 25.098047
401478 20.78432
406939 20.392164
410922 26.666676
414451 17.254908
415954 0.392157
420181 30.980402
423738 12.94118
425444 0
430663 36.86276
434227 7.4509826
435712 0
437321 0
438855 17.254908
440402 25.098047
444162 65.88238
445625 27.843145
452064 0
453631 4.313727
457965 0
461870 21.96079
463346 23.529419
468877 37.64707
470436 0.784314
471964 55.68629
473495 40.78433
475122 0
476645 85.88238
478161 46.666683
482040 30.980402
486528 52.15688
487995 78.03924
491946 33.333344
493358 45.882366
494839 64.7059
499037 32.54903
500588 32.15687
502061 30.980402
504480 27.058832
511146 18.03922
514716 0
516281 31.372559
517728 30.980402
519266 28.62746
520796 28.62746
522261 28.62746
523734 0
528035 36.4706
529706 84.70591
531148 50.588253
532589 40.00001
538087 27.058832
542007 3.137256
543471 22.745106
544873 43.529427
551425 39.607857
555918 33.333344
559957 40.78433
561379 38.823544
565105 30.588245
568737 0
569864 13.725494
571060 13.333338
574218 19.60785
575381 0
579066 28.235304
580191 27.450989
588992 18.03922
590433 18.43138
591551 18.43138
592616 19.60785
593676 19.60785
594745 19.60785
595886 20.78432
596946 21.176477
600589 7.4509826
603735 16.078436
604835 22.35295
606441 25.098047
607436 25.490204
610871 21.176477
614034 31.764715
617803 32.94119
621286 46.274525
624423 49.803936
625571 53.725506
626784 40.00001
628672 31.372559
632356 37.64707
633455 37.64707
640020 36.07844
641101 32.54903
644192 0
645392 0
646483 0
647606 0
648737 0
649787 0.784314
658983 0
662358 14.117652
663439 23.137262
664507 25.098047
665592 21.568634
666677 16.078436
667812 9.01961
671280 14.509809
679732 97.25494
682888 54.509823
684366 42.352955
690935 34.117657
697061 16.470594
700770 32.54903
701819 30.588245
703005 28.235304
704143 29.80393
705275 29.80393
706387 29.411774
707439 29.411774
711315 27.843145
714556 18.823536
715673 21.176477
716802 19.60785
717959 22.35295
719169 28.62746
720330 21.176477
721442 21.568634
724599 26.666676
725794 29.411774
727384 26.274519
730819 17.254908
734024 21.568634
737812 23.137262
741316 20.000006
742350 20.000006
750749 18.823536
751870 19.60785
752970 24.313734
756866 25.098047
760796 23.137262
766985 29.411774
770666 27.058832
771714 25.490204
774883 23.529419
775988 23.921576
777085 23.921576
778313 23.921576
781832 23.921576
784950 26.274519
786403 26.274519
787496 26.274519
788648 26.274519
792112 25.88236
795199 26.274519
796287 26.666676
797385 27.058832
798500 27.843145
799696 31.372559
800801 32.94119
804443 32.94119
809057 50.588253
810175 37.64707
813617 31.764715
814766 31.764715
818691 32.15687
819917 35.29413
821028 32.15687
822137 31.764715
823212 32.54903
824631 32.54903
828512 32.15687
831920 31.764715
832998 32.15687
834136 36.86276
835205 37.64707
836324 36.86276
840127 38.431385
841276 37.64707
842368 41.960796
844003 41.960796
845136 36.86276
846333 36.4706
850073 35.686287
851247 34.901974
857394 30.980402
858459 30.980402
861947 31.764715
863114 32.15687
864316 32.15687
865762 32.15687
867044 32.54903
869059 32.54903
870302 32.54903
873771 32.94119
874936 32.54903
876041 32.94119
877135 33.333344
880732 36.4706
884034 30.588245
885446 29.019617
886522 29.411774
887601 29.019617
888705 19.60785
892167 35.29413
893214 39.2157
894308 36.86276
895350 33.725502
896386 34.509815
897464 34.901974
901376 34.117657
902498 34.117657
905620 5.4901977
906728 31.372559
907840 31.764715
911405 57.25492
917481 31.764715
918586 0
919772 0
920895 17.254908
922322 23.921576
923327 0
924412 0.392157
929033 21.96079
939668 21.176477
941040 21.176477
942405 21.568634
943907 22.745106
945277 21.96079
949524 22.35295
950878 22.745106
952779 22.745106
958381 22.745106
962272 22.35295
967758 22.745106
969620 21.568634
971010 21.176477
972408 21.176477
977751 1.176471
981756 1.176471
989925 8.627454
994089 100.00003
995678 100.00003
997249 100.00003
1001241 100.00003
1002761 100.00003
1004160 100.00003
1005561 100.00003
1007087 0
1008562 0
1010355 66.66669
1014031 30.196089
1015392 25.88236
1016741 14.509809
1018184 21.176477
1019614 15.294123
1020966 45.49021
1022370 51.372566
1025783 61.960804
1027245 65.09806
1029043 100.00003
1030575 77.25493
1034145 89.4118
1035461 43.529427
1036762 60.00002
1038082 58.039234
1041877 8.627454
1043120 49.41178
1044366 63.92159
1045737 47.058838
1047520 40.00001
1048830 46.666683
1050094 1.9607849
1053660 0
1055237 17.647064
1059927 20.78432
3923 26.666676
8197 26.274519
9827 26.274519
11362 26.274519
12961 26.274519
14452 26.274519
15946 26.274519
22363 26.274519
29380 19.215693
31000 26.274519
32544 26.274519
34178 19.215693
38619 19.215693
40103 19.215693
41877 19.215693
44093 19.215693
45591 19.215693
47075 19.215693
51007 19.215693
52372 19.215693
59332 19.215693
69037 19.215693
70424 19.215693
74129 19.215693
75584 19.215693
79669 19.215693
81123 19.215693
82540 19.215693
84134 19.215693
90761 19.215693
92252 19.215693
96795 19.215693
98224 19.215693
103421 19.215693
112159 19.215693
113591 19.215693
117775 19.215693
121583 19.215693
127837 19.215693
131782 19.215693
133284 19.215693
134825 19.215693
136388 19.215693
137912 19.215693
143779 19.215693
147969 19.215693
149597 19.215693
151051 19.215693
152490 19.215693
153994 19.215693
158121 19.215693
159799 19.215693
161350 19.215693
165975 19.215693
167923 19.215693
181547 19.215693
185165 28.62746
186707 19.215693
188329 19.215693
189931 19.215693
196605 19.215693
198077 33.333344
202077 25.88236
203561 25.88236
205158 19.215693
206713 19.215693
210818 19.215693
212393 26.274519
213970 32.94119
218330 28.235304
219955 29.019617
227085 19.215693
228768 19.215693
230230 29.019617
231956 40.78433
236570 36.07844
240511 27.843145
247029 19.215693
250894 19.215693
252441 19.215693
256675 19.215693
258127 19.215693
259762 19.215693
261303 19.215693
264770 19.215693
266366 19.215693
267814 19.215693
271710 19.215693
273204 23.921576
277715 25.098047
279319 26.274519
283126 19.215693
288286 40.39217
292104 40.39217
296620 36.4706
298064 36.07844
300860 23.529419
301161 23.529419
302950 23.137262
306925 30.980402
310109 32.15687
311688 27.843145
316149 35.686287
320795 19.215693
322319 19.215693
326734 19.215693
328446 19.215693
330016 19.215693
339692 42.352955
343289 40.39217
344834 41.176483
346502 42.352955
351225 44.7059
356794 39.607857
360718 20.392164
362257 19.215693
363888 27.843145
365398 33.333344
366875 37.64707
368515 32.15687
370031 29.411774
371518 33.725502
375957 39.2157
382940 33.725502
384477 32.15687
388661 28.235304
390223 29.411774
391685 23.921576
393207 28.235304
397652 27.058832
401549 24.70589
407005 26.666676
411003 29.80393
414507 27.843145
418662 19.215693
420252 35.29413
423880 25.88236
425518 19.215693
430737 32.94119
434294 19.215693
435781 19.215693
437395 19.215693
438936 19.215693
440481 21.96079
444237 43.529427
445695 38.039227
452130 20.000006
453703 23.921576
458029 19.215693
461937 19.215693
463420 19.215693
468945 40.00001
470582 44.31374
472036 40.39217
473574 40.78433
475193 45.882366
476716 50.196095
480681 40.00001
482113 34.901974
486606 41.960796
488065 44.31374
492017 34.117657
493430 40.39217
494984 43.92158
499106 39.2157
500658 39.2157
502129 39.2157
504545 36.86276
511215 24.70589
514776 21.96079
516335 32.94119
517796 32.54903
519344 30.588245
520861 30.196089
522331 29.411774
523798 19.215693
528098 36.86276
529772 46.666683
531222 41.960796
532666 38.823544
538161 23.529419
542071 19.215693
543545 28.62746
547676 38.823544
551489 41.176483
557948 39.2157
560024 38.431385
561497 38.431385
565174 34.509815
568815 23.529419
569932 25.098047
571127 25.098047
574284 26.666676
575450 19.215693
579136 32.15687
580261 31.764715
589068 27.058832
590589 27.058832
591680 27.450989
592677 27.843145
593736 27.843145
594809 28.235304
595947 28.62746
597006 28.62746
600661 24.70589
603885 26.666676
604984 28.235304
606497 29.019617
607498 29.019617
610952 27.058832
614127 31.764715
617870 33.333344
621357 40.00001
624496 40.39217
625643 40.78433
626974 37.64707
628744 32.54903
632429 37.254913
633527 36.86276
640090 35.686287
641170 34.509815
644355 19.215693
645446 19.215693
646557 19.215693
647675 19.215693
648806 19.215693
649857 19.215693
659062 19.215693
662417 27.843145
663500 37.254913
664573 37.254913
665662 34.509815
666746 29.80393
667882 25.490204
671354 27.843145
679802 52.15688
682961 42.745113
684434 40.39217
691003 39.2157
699667 36.86276
700848 34.509815
701891 36.07844
703085 34.117657
704215 35.29413
705347 35.29413
706454 35.29413
707512 35.29413
711414 34.509815
714625 28.62746
715740 29.019617
716880 28.235304
718026 29.80393
719240 35.29413
720403 27.058832
721509 29.411774
724676 33.725502
725865 36.07844
727455 32.94119
730885 27.058832
734092 29.019617
737881 30.196089
741394 28.62746
742440 28.62746
750816 27.058832
751936 27.450989
753034 29.80393
756932 30.196089
760871 29.411774
767146 34.509815
770741 31.372559
771780 31.372559
774953 29.80393
776063 29.80393
777153 29.80393
778383 29.80393
781899 30.196089
785007 31.764715
786470 31.764715
787562 31.764715
788713 31.764715
792167 30.980402
795264 30.980402
796352 31.372559
797451 31.372559
798568 32.15687
799772 36.07844
800856 36.4706
804512 36.4706
809123 41.176483
810241 37.64707
813682 36.07844
817662 36.07844
818759 36.86276
819981 37.64707
821092 35.686287
822200 36.07844
823290 36.4706
824705 36.4706
828575 35.686287
831977 35.29413
833065 35.686287
834203 38.039227
835273 38.823544
836391 36.86276
840202 38.431385
841336 38.823544
842436 39.607857
844069 39.607857
845205 38.039227
846404 38.431385
850142 37.64707
851314 37.64707
857461 35.29413
858525 35.29413
862013 35.686287
863193 35.686287
864382 35.686287
865816 35.686287
867142 36.07844
869127 36.07844
870367 36.07844
873841 36.4706
875003 36.4706
876106 36.4706
877201 36.4706
880810 37.64707
884111 34.117657
885510 32.94119
886597 33.333344
887665 31.764715
888770 28.62746
892232 36.86276
893277 38.039227
894372 36.4706
895406 36.4706
896450 37.254913
897538 37.254913
901440 36.07844
902562 36.07844
905686 26.666676
906805 33.333344
907914 33.333344
911469 41.960796
917547 34.509815
918655 19.215693
919835 19.215693
920959 19.215693
922386 19.215693
923393 19.215693
924493 19.215693
929109 19.215693
939736 19.215693
941134 19.215693
942493 19.215693
943980 19.215693
945358 19.215693
949600 19.215693
950959 19.215693
952859 19.215693
958464 19.215693
962355 19.215693
967852 19.215693
969714 19.215693
971104 19.215693
972488 19.215693
978339 21.96079
978800 21.96079
982297 35.29413
982842 41.176483
983376 40.39217
983889 41.176483
984363 25.098047
984906 38.823544
985436 39.607857
985988 42.745113
986531 47.450996
989987 52.15688
994181 69.01963
995759 72.54904
997317 73.72552
1001329 76.47061
1002843 72.15688
1004243 72.54904
1005636 72.54904
1007176 19.215693
1008638 33.333344
1012721 41.176483
1014110 38.431385
1015480 34.901974
1016819 34.901974
1018276 35.29413
1019696 39.2157
1021048 40.00001
1022461 40.78433
1025861 43.137268
1027329 43.92158
1029125 56.862762
1030656 47.84315
1034221 52.15688
1035538 39.607857
1036843 44.31374
1038243 42.352955
1041973 27.450989
1043185 39.2157
1044458 45.49021
1045808 41.960796
1047589 40.78433
1048897 42.352955
1050179 19.215693
1053839 19.215693
1055311 19.215693
3992 13.333338
8321 12.94118
9883 12.94118
11430 12.94118
13028 12.94118
14519 12.94118
16019 12.94118
22424 13.333338
29523 9.411768
31072 12.94118
32611 12.94118
34257 9.411768
38686 9.411768
40180 9.411768
41945 9.411768
44160 9.411768
45660 9.411768
47229 9.411768
51072 9.411768
52436 9.411768
59400 9.411768
69092 9.411768
70502 9.411768
74211 9.411768
75641 9.411768
79739 9.411768
81182 9.411768
82611 9.411768
84192 9.411768
90828 9.411768
92324 9.411768
96864 9.411768
100751 9.411768
103497 9.411768
112239 9.411768
113659 9.411768
117832 9.411768
123694 9.411768
127903 9.411768
131857 9.411768
133351 9.411768
134892 9.411768
136458 9.411768
137978 9.411768
143923 9.411768
148034 9.411768
149677 9.411768
151116 9.411768
152555 9.411768
154051 9.411768
158188 9.411768
159870 9.411768
161421 9.411768
166288 9.411768
167983 9.411768
181602 9.411768
185244 14.117652
186804 9.411768
188482 9.411768
190011 9.411768
196661 9.411768
198150 16.470594
202174 12.94118
203628 12.94118
205230 9.411768
206780 9.411768
210888 9.411768
212460 13.333338
214038 16.078436
218486 12.94118
220027 14.117652
227231 9.411768
228845 9.411768
230309 14.901965
232030 20.392164
236642 18.03922
242661 13.725494
247097 9.411768
250986 9.411768
252512 9.411768
256742 9.411768
258259 9.411768
259834 9.411768
261369 9.411768
264845 9.411768
266434 9.411768
267880 9.411768
271766 9.411768
273272 11.764709
277792 12.549024
279440 12.94118
283193 9.411768
288444 21.176477
292171 20.000006
296675 18.03922
298135 18.03922
310185 16.078436
311758 17.647064
316216 17.647064
320872 9.411768
322386 9.411768
326802 9.411768
328526 9.411768
330094 9.411768
339764 21.176477
343360 20.392164
344985 20.392164
346573 21.176477
351309 22.35295
356859 19.60785
360787 10.980395
362325 9.411768
363948 14.117652
365470 16.862751
366943 18.823536
368588 15.294123
370087 14.901965
371579 16.862751
378661 19.60785
383018 16.470594
384544 16.078436
388736 11.764709
390289 14.509809
391755 12.156867
393274 14.117652
397719 13.333338
401679 12.156867
407180 13.333338
411070 14.901965
414580 13.725494
418746 15.686279
420307 17.254908
423951 12.94118
425596 9.411768
430805 16.470594
434364 9.411768
435847 9.411768
437460 9.411768
439012 9.411768
440646 13.725494
444304 21.176477
445762 19.215693
452199 10.196082
453770 11.764709
458095 9.411768
462004 9.411768
463488 9.411768
469006 20.000006
470654 21.96079
472116 20.000006
473647 20.392164
475273 23.137262
476783 24.70589
480754 18.03922
482179 17.254908
486673 21.176477
488132 21.96079
492084 16.862751
493486 20.392164
495066 21.96079
499171 19.60785
500724 19.60785
502202 19.60785
504625 18.03922
511292 12.156867
514841 10.980395
516400 16.470594
517862 16.078436
519487 15.294123
520929 14.901965
522395 14.117652
523918 9.411768
528175 18.43138
529846 23.529419
531288 20.78432
536744 19.215693
540698 11.764709
542125 9.411768
543612 18.43138
547746 22.35295
551686 20.78432
560098 19.215693
561563 19.215693
565245 17.254908
568881 12.156867
570058 12.549024
571195 12.549024
574422 13.333338
575516 9.411768
579202 16.078436
580327 15.686279
589139 13.333338
590664 13.725494
591745 13.725494
592819 13.725494
593825 13.725494
594886 14.117652
596088 14.117652
597072 14.117652
600740 12.156867
603959 13.333338
605067 14.117652
606570 14.117652
607566 14.509809
611018 13.725494
614193 16.078436
617959 16.470594
621422 20.000006
624564 20.000006
625710 20.392164
627057 18.823536
628810 16.078436
632494 18.43138
633604 18.43138
640156 17.647064
641234 17.254908
644428 9.411768
645524 9.411768
646634 9.411768
647754 9.411768
648877 9.411768
649924 9.411768
659134 9.411768
662485 14.509809
663567 18.823536
664646 18.823536
665728 16.862751
666825 14.901965
667937 12.549024
671421 13.725494
679873 25.88236
683027 21.176477
684503 20.000006
691076 19.60785
699743 20.78432
700919 16.862751
701958 18.03922
703160 16.862751
704285 17.647064
705435 17.647064
706536 17.647064
707581 17.647064
711486 17.254908
714693 14.117652
715798 14.509809
716958 13.725494
718094 14.901965
719306 17.647064
720471 13.725494
721566 14.509809
724743 17.254908
725944 18.03922
727522 16.470594
730963 13.333338
734159 14.117652
737964 14.901965
741461 14.117652
742506 14.117652
750892 13.333338
752002 13.725494
753101 14.901965
757011 14.901965
760943 14.509809
767213 17.254908
770808 15.686279
771847 15.686279
775019 14.901965
776131 14.901965
777223 14.901965
778452 14.901965
781971 14.901965
785079 15.686279
786526 15.686279
787628 15.686279
788784 15.686279
792234 15.294123
795335 15.294123
796422 15.686279
797531 15.686279
798645 15.686279
799840 18.03922
800921 18.03922
804576 18.03922
809221 20.392164
810306 18.823536
813842 18.03922
817732 17.647064
818824 18.43138
820048 18.823536
821157 17.647064
822277 18.03922
823353 18.03922
824769 18.03922
828639 17.647064
832044 17.647064
833131 17.647064
834275 19.215693
835340 19.60785
836464 18.43138
840274 19.215693
841424 19.215693
842503 20.000006
844140 19.60785
845277 19.215693
846472 19.215693
850214 18.823536
851392 18.823536
857516 17.647064
858591 17.647064
862091 17.647064
863259 17.647064
864448 17.647064
865881 17.647064
867213 18.03922
869279 18.03922
872725 18.03922
873907 18.03922
875068 18.03922
876170 18.03922
877277 18.43138
880875 18.823536
884186 16.862751
885585 16.470594
886673 16.470594
887740 14.901965
888855 14.509809
892298 18.43138
893342 18.823536
894436 17.647064
895470 18.43138
896514 18.43138
897614 18.43138
901514 18.03922
904671 18.03922
905750 13.333338
906869 16.470594
907980 16.470594
913655 20.78432
917611 16.862751
918719 9.411768
919901 9.411768
921035 9.411768
922450 9.411768
923457 9.411768
924557 9.411768
929174 9.411768
939805 9.411768
941220 9.411768
942574 9.411768
944064 9.411768
945445 9.411768
949687 9.411768
951053 9.411768
952951 9.411768
958591 9.411768
962433 9.411768
967929 9.411768
969792 9.411768
971185 9.411768
972562 9.411768
986047 34.509815
990062 26.274519
994271 34.509815
995877 36.07844
997386 36.86276
1001411 38.039227
1002929 36.07844
1004327 36.07844
1005714 31.372559
1007256 9.411768
1008720 18.03922
1012812 18.03922
1014203 19.215693
1015564 17.254908
1016898 17.254908
1018353 17.647064
1019776 19.60785
1021151 20.000006
1022548 20.392164
1026037 21.568634
1027408 22.35295
1029284 28.235304
1030737 23.921576
1034308 25.88236
1035621 19.60785
1036920 21.96079
1038328 20.392164
1042045 14.901965
1043265 18.03922
1044551 22.745106
1045987 21.176477
1047657 20.392164
1048976 20.78432
1050265 9.411768
1053983 9.411768
1055392 9.411768