52573 0
53165 0
53737 0
54309 0
54882 0
58345 0
90240 0
91309 0
92089 0
93202 0
96593 0
99923 0
100754 0
101799 0
102509 0
104633 0
105480 0
106551 0
107334 0
113497 0
114325 0
117808 41
118638 50
119793 57
123597 82
127240 97
127964 99
129048 103
129857 106
133902 114
135313 109
138690 99
139462 96
140509 93
141254 91
142281 89
161233 82
165982 80
166731 80
167759 80
170768 79
171752 79
172426 80
173430 80
176909 81
177960 81
178838 81
179953 80
180718 81
184690 81
185480 81
186519 81
187306 81
190573 81
191306 80
197276 81
198016 80
199091 81
199877 81
200953 82
204774 83
205790 83
206579 83
207562 84
210667 82
216514 187
217297 81
218306 81
219003 79
220078 75
220898 73
221960 69
223203 66
226976 65
227731 70
228776 76
229564 81
230603 86
231292 89
232330 93
233107 94
234228 90
235058 86
236122 82
236864 79
240261 64
241037 61
242071 56
242975 53
246726 40
249919 33
251004 31
251884 33
253149 38
254136 44
255853 52
256642 58
260009 76
265706 71
266730 71
267492 71
268549 71
269387 71
270516 71
271280 72
272320 73
273132 75
276793 75
279910 77
280914 77
281737 78
285622 79
286516 79
289854 80
290648 80
310834 85
311859 86
312667 86
315557 86
52050 910
52918 913
53243 914
54072 917
54382 913
58206 908
89442 829
91176 813
91465 830
93069 821
93445 826
99780 842
100063 872
101664 831
101937 820
104468 834
104797 809
106421 832
106693 820
108170 808
113642 1013
117683 3072
117966 3298
119657 4127
119929 2842
126981 3227
127394 3287
128865 3467
129191 3508
133720 3861
134246 3812
138526 3335
138836 3304
140285 3167
140662 3127
142150 2998
142416 2977
160651 2763
165746 2717
166127 2720
167638 2697
167880 2696
171622 2674
171878 2677
173288 2700
173565 2697
177819 2730
178188 2733
179820 2717
180103 2718
184553 2742
184878 2744
186385 2740
186673 2749
190430 2734
190743 2723
197144 2715
197422 2725
198949 2729
199341 2726
200812 2759
201088 2759
205667 2815
206025 2811
207428 2820
207711 2811
216649 2735
218183 2734
218445 2987
219944 3594
220223 3562
221830 3324
222624 3195
226851 3030
227173 3143
228632 3574
228932 3666
230480 4052
230744 4113
232196 4409
232481 4456
234086 4260
234379 4214
235989 3943
236259 3867
240129 3055
240479 2984
241940 2700
242211 2659
246595 1937
246860 1915
250874 1480
251159 1507
253016 1779
253294 1845
255699 3892
256081 4131
259874 3564
260168 3640
266609 3384
266861 3387
268429 2395
268704 2404
270276 1903
270677 1934
272186 1982
272458 1995
276663 1894
276953 1782
280780 1675
281062 1677
285865 1701
289720 1736
289980 1734
311738 1849
311992 1849
313457 1853
316507 1824
52641 35200
53805 36400
54949 34200
90321 28400
92167 26800
96686 26200
100833 28400
102681 28200
105558 25400
107413 27400
114409 85400
118714 152000
123676 156800
128043 134200
129931 143000
135405 69400
139554 64800
141330 63200
161315 91800
166808 82600
170852 87600
172586 95200
177080 80200
178910 78400
180792 85400
185564 79200
187384 79600
193351 80400
198188 97000
199950 100000
204946 97000
206655 97200
210742 90800
217373 97800
219094 71800
220975 67200
223285 63400
227809 135200
229642 152800
231378 160000
233181 119200
235138 72400
236958 69400
241124 61400
243055 56200
249995 54000
251958 84800
254332 103200
256721 161600
265782 104000
267584 89400
269468 63400
271377 97000
273199 99200
279985 77000
281828 64800
286589 72000
290734 62600
310924 61000
312744 54400
52712 1.9607849
53861 1.9607849
55016 1.9607849
90488 37.254913
92248 36.4706
96771 35.686287
100914 38.823544
103121 37.64707
105644 38.039227
107493 35.686287
114488 1.9607849
118793 1.9607849
125736 1.9607849
128119 1.9607849
130011 1.9607849
135482 1.9607849
139635 1.9607849
141418 1.9607849
161388 46.666683
166884 44.7059
170946 40.39217
172663 44.31374
177162 43.137268
178997 43.137268
180874 42.352955
185632 41.56864
187476 42.352955
198282 42.745113
200028 34.509815
205024 19.215693
206738 19.215693
210819 43.137268
217456 40.00001
219178 25.098047
221065 1.9607849
223386 41.56864
227889 1.9607849
229723 1.9607849
231531 1.9607849
233264 1.9607849
235220 1.9607849
239424 19.215693
241202 1.9607849
243127 30.588245
250093 30.588245
252148 1.9607849
254528 1.9607849
256807 1.9607849
265864 46.274525
267664 23.921576
269614 19.215693
271541 19.215693
273268 19.215693
280066 19.215693
281904 23.137262
286670 19.215693
290819 26.274519
311012 38.039227
312829 40.00001
52778 23
53931 23
55088 23
89537 85
90655 85
92443 85
96960 85
101082 85
103451 84
105805 84
107658 84
114667 84
118962 84
126484 89
128376 90
130182 91
135638 90
139794 88
141675 87
149493 12
164883 86
167131 87
171101 87
172807 87
177318 87
179162 86
181032 86
185808 86
187646 86
196554 86
198451 86
200194 86
205187 86
206902 87
210514 87
210970 87
217626 87
219443 87
221227 86
223570 86
228062 87
229886 88
231698 88
233430 89
235379 90
239613 90
241370 89
243292 88
250378 85
252400 85
255088 85
256958 85
266113 90
267822 90
269546 90
269777 90
271689 90
273427 89
280231 89
282079 89
286831 89
290979 89
311162 86
312988 86
52851 99
53999 99
55154 99
90741 100
92524 100
97048 100
101174 100
103645 100
105883 100
107734 100
114752 100
119046 100
126558 100
128454 100
130273 100
135712 99
139871 99
141753 99
165303 99
167221 99
171169 99
172884 99
177399 99
179343 99
181110 99
185957 99
187728 99
196635 99
198533 99
200275 99
205267 99
206997 99
211048 99
217706 99
219523 99
221303 99
226421 99
228229 99
229963 99
231774 99
233514 99
235459 99
239692 99
241539 99
243381 99
250467 99
252477 99
255246 99
259429 99
266193 99
267907 99
269856 99
271767 99
273509 99
280381 99
282148 99
286909 99
291060 99
311250 99
313073 99
52183 98
53095 98
53379 98
54239 98
54534 98
58276 98
89846 102
91241 102
91682 102
93135 102
93600 102
99846 101
100232 102
101729 101
102094 101
104547 101
105063 101
106485 101
106877 101
110413 101
113881 102
117739 236
118127 219
119726 168
120093 220
127077 229
127571 228
128920 223
129445 223
133785 180
134663 168
138602 155
139006 154
140349 149
140823 147
142215 137
144541 137
147252 51
160510 43
160828 177
165820 161
166294 161
167704 161
168045 162
171688 181
172026 182
173354 157
176516 158
177884 152
178362 154
179886 154
180246 156
184627 164
185036 158
186452 159
186838 160
190497 160
190908 161
197210 161
197607 168
199026 166
199499 158
200888 152
201250 150
205733 149
206169 148
207496 147
207874 152
216469 42
216818 188
218239 152
218606 160
220001 156
220487 154
221895 150
222790 146
226917 243
227348 223
228707 223
229087 220
230547 212
230900 210
232264 206
232727 204
234162 121
234551 121
236056 146
236438 153
240196 144
240640 137
242006 135
242394 135
246660 122
249419 120
250938 116
251322 120
253082 179
253460 205
255776 234
256241 193
259952 223
262428 219
266675 214
267085 204
268495 172
268870 167
270448 149
270858 158
272253 169
272725 169
276727 132
279516 151
280847 152
281221 152
285554 148
286116 148
289786 149
290142 148
293425 27
301016 51
311804 134
312150 133
313521 128
316674 121
52116 12
53313 12
54458 12
89624 11
91601 11
93518 11
100145 11
102015 11
104873 12
106789 12
113718 12
118048 18
120014 17
127488 13
129271 13
134439 12
138912 12
140744 12
142501 11
145936 4
146578 4
147182 4
148000 4
148569 4
148963 4
149460 4
150008 4
150658 4
151227 4
154749 3
155480 3
156194 3
156741 3
157394 3
157854 3
160742 12
166200 12
167964 12
171953 12
176426 12
178278 11
180169 11
184957 12
186750 11
190826 11
197502 11
199425 12
201161 12
206103 11
207788 11
216729 11
218524 11
220388 13
222688 11
227263 11
229008 12
230832 12
232647 12
234458 10
236354 11
240559 11
242301 11
246938 10
251237 9
253379 12
256163 14
260246 12
266943 11
268787 10
270766 10
272638 10
279419 10
281155 11
286039 11
290061 11
293553 -13
297046 -13
297631 -13
298358 -12
298991 -12
299661 -12
300269 -12
300984 -12
301595 -12
302167 -12
302977 -12
303396 -12
304038 -12
304730 -12
305242 -12
305690 -12
306331 -11
306891 -12
307591 -12
308047 -12
308766 -12
309933 -12
310487 -12
312069 11
316588 11
52253 9.37
53450 9.87
54606 9.54
89918 6.62
91762 6.5699997
93674 6.8999996
100311 7.14
102173 6.64
105141 6.7599998
106955 6.39
113973 17.38
118289 70.85999
120160 73.32
127650 72.17
129533 75.79
134869 57.53
139081 48.62
140921 44.100002
160913 37.15
166380 32.07
170437 32.97
172102 42.94
176595 36.98
178523 33.64
180386 32.27
185121 31.099998
186922 33.879997
190985 32.989998
197684 44.100002
199576 40.28
201338 41.54
206256 42.26
207951 43.329998
216893 43.69
218684 58.43
220570 51.149998
222881 44.53
227422 69.81999
229163 78.24999
230981 80.48
232810 80.96
234638 46.05
236514 53.619995
240718 31.609999
242477 34.579998
249513 20.58
251486 19.66
253532 44.65
256338 72.04
265385 53.399998
267173 46.679996
268949 38.76
270938 31.59
272804 33.52
279597 24.71
281304 25.519999
286194 25.859999
290217 26.489998
312241 21.35
316755 21.369999
52332 37.254913
53515 37.64707
54673 37.254913
89987 22.35295
91842 23.137262
93758 22.35295
100485 20.392164
102265 22.35295
105235 21.568634
107039 22.35295
114054 59.215706
118378 100.00003
120243 100.00003
127729 100.00003
129610 100.00003
135061 0
139160 0
141008 0
145425 5.098041
161004 34.117657
166472 28.62746
170524 31.764715
172177 38.823544
176660 32.15687
178605 26.666676
180476 28.235304
185208 26.666676
187011 27.058832
191064 27.058832
197758 38.431385
199650 40.00001
204524 43.529427
206346 39.607857
208045 33.333344
216973 40.00001
218776 21.96079
220640 0
222964 0
227508 100.00003
229325 100.00003
231058 100.00003
232882 100.00003
234718 0
236593 0
240796 0
242639 0
249650 24.70589
251573 76.07845
253671 100.00003
256409 100.00003
265471 38.431385
267256 3.137256
269035 38.823544
271025 62.745117
272872 62.352962
279673 49.41178
281490 45.49021
286275 40.00001
290389 32.54903
296482 3.529413
312328 21.176477
316868 21.176477
52403 19.215693
53598 19.215693
54743 19.215693
90071 19.215693
91928 19.215693
96428 19.215693
100571 19.215693
102343 19.215693
105332 19.215693
107159 19.215693
114137 48.23531
118458 68.23531
120319 72.9412
127803 74.50983
129701 74.50983
135142 19.215693
139241 19.215693
141089 19.215693
145460 25.098047
146153 26.666676
146696 27.058832
147379 27.450989
148070 27.843145
148643 32.15687
149041 35.686287
149603 38.823544
150152 38.039227
150836 38.039227
151348 34.509815
154986 29.411774
155638 32.94119
156330 33.725502
156873 32.94119
157522 33.725502
157964 33.725502
161088 38.431385
166558 37.254913
170607 37.64707
172261 38.823544
176745 37.254913
178671 36.4706
180556 37.64707
185308 36.4706
187140 36.4706
191143 36.86276
197843 38.823544
199718 38.823544
204605 38.823544
206425 38.823544
210423 38.039227
217137 38.823544
218840 19.215693
220726 19.215693
223048 19.215693
227583 73.33336
229402 73.33336
231145 73.33336
232959 19.215693
234889 19.215693
236674 19.215693
240875 19.215693
242824 19.215693
249731 24.313734
251719 74.901985
253845 76.86277
256478 83.52944
265551 41.960796
267332 41.960796
269100 41.960796
271110 44.7059
272958 45.098053
279749 40.78433
281576 37.254913
286355 39.2157
290481 36.07844
297189 34.901974
297763 33.725502
298501 29.80393
299148 29.80393
299804 29.411774
300475 29.411774
301108 29.411774
301724 29.411774
302318 29.019617
303085 28.62746
303474 28.62746
304176 28.62746
304887 28.235304
305360 28.235304
305811 27.843145
306479 27.450989
307088 4.313727
307675 0
308259 20.392164
308904 22.35295
309514 25.490204
310013 25.490204
310666 25.490204
312404 29.80393
316947 29.411774
52468 9.411768
53666 9.411768
54811 9.411768
90145 9.411768
92003 9.411768
96513 9.411768
100662 9.411768
102430 9.411768
105410 9.411768
107251 9.411768
114223 23.921576
118564 35.29413
123492 36.4706
127888 37.254913
129777 37.254913
135229 9.411768
139383 9.411768
141172 9.411768
161159 19.215693
166643 18.43138
170695 18.823536
172331 19.215693
176822 18.43138
178754 18.03922
180641 18.823536
185384 18.03922
187222 18.03922
191225 18.43138
197939 19.215693
199797 19.60785
204692 19.60785
206503 19.60785
210585 19.215693
217219 19.215693
218925 9.411768
220807 9.411768
223125 9.803925
227663 36.4706
229484 36.4706
231224 36.86276
233022 9.411768
234977 9.411768
236769 9.411768
240958 9.411768
242900 9.411768
249823 9.411768
251807 37.64707
254051 38.039227
256562 41.56864
265626 21.176477
267415 20.78432
269290 20.78432
271195 22.35295
273046 21.96079
279838 20.392164
281655 18.43138
286439 19.60785
290562 18.03922
304946 36.86276
307159 19.215693
308324 30.980402
310747 16.862751
312587 14.901965
319421 14.509809